#SYRAH Annual input file, version number:
2.0
#DATA is for the east side in 1977
#(year)
1977
#CONSTANTS THAT DETERMINE ARRAY BOUNDS
#Number of districts
#(NDISTRICTS)
3
#Number of groups
#(NGROUPS)
90
#Number of stocks
#(NSTOCKS)
5
#Number of age groups recorded: 
#(NAGECOMPS)
18
#Age group labels (must be numeric!)
#(AgeCompLabels)
0.1 0.2 0.3 0.4 0.5 1.1 1.2 1.3 1.4 1.5 2.1 2.2 2.3 2.4 3.1 3.2 3.3 3.4
#Flag for genetic data by district: 1 = Data available, -1 = Data Unavailable 
#(GENdata)
1 1 -1
#Genetic fractions
#(GeneticFracData)
#1) District ID, 2) Sample Size, 3) Kvichank, 4) Alagnak, 5) Naknek, 6) Egegik, 7) Ugashik
1     309     0.0796     0.0417     0.6867     0.1803     0.0044
2     283     0.0068     5e-04     0.0061     0.9227     0.0588
3     -1     0     0     0     0     0
#Age composition for CATCH data
#(AgeCompCATCH)
1     23     0     0     0     0     0     0     0.1304348     0.1304348     0     0     0     0.173913     0.5652174     0     0     0     0     0
2     1710     0     0.001157815     0     0     0     0     0.03514332     0.02021542     0     0     0     0.5621544     0.3459817     0     0     0.0247014     0.01064598     0
3     295     0     0     0.01835254     0     0     0     0.03235893     0.1877056     0     0     0     0.2778705     0.4745362     0     0     0     0.00917627     0
#Age composition for ESCAPEMENT data
#(AgeCompESC)
1     1883     0     0     0.000737137     0     0     0.009632057     0.3191898     0.08170134     0     0     0.001771333     0.5311674     0.0547121     0     0     0.000737137     0.0003516857     0
2     0     0     0     0     0     0     0     0.6011158     0.250188     0     0     0     0.1026919     0.0460043     0     0     0     0     0
3     2161     0     0     0.0007156965     0     0     0.001283648     0.2610162     0.1203023     0.001228757     0     0.000212     0.1478077     0.4652309     0     0     0.001217677     0.0009851748     0
4     3086     0     0     0     0     0     0     0.005094006     0.02892032     0     0     0.0005801443     0.5329016     0.4041673     0     0     0.01997723     0.008359388     0
5     903     0     0     0     0     0     0     0.077796     0.176757     0     0     0     0.407036     0.3377408     0     0     0.000335112     0.000335112     0
#Catch Data by District
#(catchData)
2167214     1780567     92623
#Escapement Data by Stock
#(escData)
1341144     108910.5     1085856     692514     201520
#PARAMETERS TO BE ESTIMATED
#Number of Selectivity Parameters
#(NSELECTPAR)
5
#Selectivity to estimate for AGE GROUPS NOT GROUPS age groups are 1.2, 1.3, 2.2, 2.3 ect...
#1) Age Group, 2) phase, 3) StartValue, 4) min, 5) max
#(TempSelectivity)
1     1     0.100000725608     0.0     10
2     1     1.4634     0.0     10
3     1     1.77678     0.0     10
4     1     0.10000283763     0.0     10
5     1     2.05981     0.0     10
#Number of Availability Parameters
#(NAVAILPAR)
15
#Availability to estimate for stocks in districts (i.e. Alagnak in Egegik District)
#1) Availability group, 2) phase, 3) StartValue, 4) min, 5) max
#(TempAvailability)
1     1     0.46441     0.0     10
2     1     0.1609588     0.0     10
3     -1     0.0404720613056471     0     10
4     1     1.75994     0.0     10
5     1     0.113373     0.0     10
6     -1     0.0433718788068764     0     10
7     1     2.62243     0.0     10
8     1     0.1183026     0.0     10
9     -1     0.0261694169676093     0     10
10     1     0.469218     0.0     10
11     1     3.63437     0.0     10
12     -1     0.23133515     0     10
13     1     0.1840039     0.0     10
14     1     1.473     0.0     10
15     -1     4.65865     0     10
#Total run size of each group (thousands): group number, estimation phase [neg=ignore], startValue, min, max
#(TempRunSize)
1     -1     0     0     7470348.5
2     1     1.00000000165875     0     7470348.5
3     1     1010.6     0     7470348.5
4     -1     0     0     7470348.5
5     -1     0     0     7470348.5
6     1     11898.7     0     7470348.5
7     1     446939     0     7470348.5
8     1     120103     0     7470348.5
9     -1     0     0     7470348.5
10     -1     0     0     7470348.5
11     1     2188.98     0     7470348.5
12     1     744295     0     7470348.5
13     1     80631.4     0     7470348.5
14     -1     0     0     7470348.5
15     -1     0     0     7470348.5
16     1     961.456     0     7470348.5
17     1     483.904     0     7470348.5
18     -1     0     0     7470348.5
19     -1     0     0     7470348.5
20     1     1.00000000580563     0     7470348.5
21     1     1.000000006635     0     7470348.5
22     -1     0     0     7470348.5
23     -1     0     0     7470348.5
24     -1     0     0     7470348.5
25     1     1.0000000248813     0     7470348.5
26     1     23943.1     0     7470348.5
27     -1     0     0     7470348.5
28     -1     0     0     7470348.5
29     -1     0     0     7470348.5
30     1     1.0000000306869     0     7470348.5
31     1     188019     0     7470348.5
32     -1     0     0     7470348.5
33     -1     0     0     7470348.5
34     1     1.00000000580563     0     7470348.5
35     1     1.00000000580563     0     7470348.5
36     -1     0     0     7470348.5
37     -1     0     0     7470348.5
38     1     1.00000000165875     0     7470348.5
39     1     1107.3     0     7470348.5
40     -1     0     0     7470348.5
41     -1     0     0     7470348.5
42     1     1291.09     0     7470348.5
43     1     528843     0     7470348.5
44     1     350048     0     7470348.5
45     1     1235.93     0     7470348.5
46     -1     0     0     7470348.5
47     1     214.064     0     7470348.5
48     1     310044     0     7470348.5
49     1     1355681     0     7470348.5
50     -1     0     0     7470348.5
51     -1     0     0     7470348.5
52     1     1719.22     0     7470348.5
53     1     1520.02     0     7470348.5
54     -1     0     0     7470348.5
55     -1     0     0     7470348.5
56     1     1437.6     0     7470348.5
57     1     1.00000000290281     0     7470348.5
58     -1     0     0     7470348.5
59     -1     0     0     7470348.5
60     -1     0     0     7470348.5
61     1     35394.7     0     7470348.5
62     1     70088.6     0     7470348.5
63     -1     0     0     7470348.5
64     -1     0     0     7470348.5
65     1     538.424     0     7470348.5
66     1     1532941     0     7470348.5
67     1     1232641     0     7470348.5
68     -1     0     0     7470348.5
69     -1     0     0     7470348.5
70     1     55396.9     0     7470348.5
71     1     33326.3     0     7470348.5
72     -1     0     0     7470348.5
73     -1     0     0     7470348.5
74     1     1.00000000082938     0     7470348.5
75     1     4179.09     0     7470348.5
76     -1     0     0     7470348.5
77     -1     0     0     7470348.5
78     -1     0     0     7470348.5
79     1     24506.8     0     7470348.5
80     1     81675.7     0     7470348.5
81     -1     0     0     7470348.5
82     -1     0     0     7470348.5
83     -1     0     0     7470348.5
84     1     135339     0     7470348.5
85     1     154492     0     7470348.5
86     -1     0     0     7470348.5
87     -1     0     0     7470348.5
88     1     80.7561     0     7470348.5
89     1     656.998     0     7470348.5
90     -1     0     0     7470348.5
#GROUP CODES
#These relate the groups to the various parameters of interest that could vary or be fixed
#1) Group number, 2) DistrictID, 3) StreamID, 4) Selectivity pointer, 5) AgeComp group ID
#(groupCodes)
1     1     1     1     1
2     1     1     2     2
3     1     1     3     3
4     1     1     4     4
5     1     1     5     5
6     1     1     1     6
7     1     1     2     7
8     1     1     3     8
9     1     1     4     9
10     1     1     5     10
11     1     1     1     11
12     1     1     2     12
13     1     1     3     13
14     1     1     4     14
15     1     1     1     15
16     1     1     2     16
17     1     1     3     17
18     1     1     4     18
19     1     2     1     1
20     1     2     2     2
21     1     2     3     3
22     1     2     4     4
23     1     2     5     5
24     1     2     1     6
25     1     2     2     7
26     1     2     3     8
27     1     2     4     9
28     1     2     5     10
29     1     2     1     11
30     1     2     2     12
31     1     2     3     13
32     1     2     4     14
33     1     2     1     15
34     1     2     2     16
35     1     2     3     17
36     1     2     4     18
37     1     3     1     1
38     1     3     2     2
39     1     3     3     3
40     1     3     4     4
41     1     3     5     5
42     1     3     1     6
43     1     3     2     7
44     1     3     3     8
45     1     3     4     9
46     1     3     5     10
47     1     3     1     11
48     1     3     2     12
49     1     3     3     13
50     1     3     4     14
51     1     3     1     15
52     1     3     2     16
53     1     3     3     17
54     1     3     4     18
55     2     4     1     1
56     2     4     2     2
57     2     4     3     3
58     2     4     4     4
59     2     4     5     5
60     2     4     1     6
61     2     4     2     7
62     2     4     3     8
63     2     4     4     9
64     2     4     5     10
65     2     4     1     11
66     2     4     2     12
67     2     4     3     13
68     2     4     4     14
69     2     4     1     15
70     2     4     2     16
71     2     4     3     17
72     2     4     4     18
73     3     5     1     1
74     3     5     2     2
75     3     5     3     3
76     3     5     4     4
77     3     5     5     5
78     3     5     1     6
79     3     5     2     7
80     3     5     3     8
81     3     5     4     9
82     3     5     5     10
83     3     5     1     11
84     3     5     2     12
85     3     5     3     13
86     3     5     4     14
87     3     5     1     15
88     3     5     2     16
89     3     5     3     17
90     3     5     4     18
#Testing code to ensure data was read in correctly, DO NOT CHANGE
#(testCode)
12345
