#SYRAH Annual input file, version number:
2.0
#DATA is for the east side in 1967
#(year)
1967
#CONSTANTS THAT DETERMINE ARRAY BOUNDS
#Number of districts
#(NDISTRICTS)
3
#Number of groups
#(NGROUPS)
90
#Number of stocks
#(NSTOCKS)
5
#Number of age groups recorded: 
#(NAGECOMPS)
18
#Age group labels (must be numeric!)
#(AgeCompLabels)
0.1 0.2 0.3 0.4 0.5 1.1 1.2 1.3 1.4 1.5 2.1 2.2 2.3 2.4 3.1 3.2 3.3 3.4
#Flag for genetic data by district: 1 = Data available, -1 = Data Unavailable 
#(GENdata)
-1 -1 -1
#Genetic fractions
#(GeneticFracData)
#1) District ID, 2) Sample Size, 3) Kvichank, 4) Alagnak, 5) Naknek, 6) Egegik, 7) Ugashik
1     -1     0     0     0     0     0
2     -1     0     0     0     0     0
3     -1     0     0     0     0     0
#Age composition for CATCH data
#(AgeCompCATCH)
1     3198     0     0     0.0002682844     0     0     0     0.02845201     0.0731807     0.002056484     0     0     0.6772748     0.2143127     0     0     0.001463026     0.002991966     0
2     1701     0     0     0     0     0     0     0.009182834     0.01593247     0     0     0     0.3607502     0.5992442     0     0     0.005390921     0.00949935     0
3     1448     0     0     0     0     0     0     0.02208656     0.3001391     0.005036797     0     0     0.3583045     0.3131896     0     0     0     0.00124345     0
#Age composition for ESCAPEMENT data
#(AgeCompESC)
1     2721     0     0     0     0     0     0.0009337925     0.007504806     0.02626101     0     0     3.239846e-05     0.8524429     0.1119759     0     0     0.0008492134     0     0
2     383     0     0     0     0     0     0.02790854     0.6999044     0.265538     0     0     0.001816239     0.004832831     0     0     0     0     0     0
3     1259     0     0     0     0     0     0.0008606411     0.1095245     0.1606204     0.002504793     0     0.02690003     0.2785437     0.4200544     0.000991459     0     0     0     0
4     1536     0     0     0.001097067     0     0     0.0003245429     0.001976113     0.01541     0     0     0.003211073     0.5338001     0.3870002     0     0     0.02669237     0.03048857     0
5     1597     0     0     0     0     0     0.0005034876     0.02633901     0.3093763     0     0     0.0001842028     0.3928655     0.2707315     0     0     0     0     0
#Catch Data by District
#(catchData)
2337200     1070942     163744
#Escapement Data by Stock
#(escData)
3216208     202626     755640     636864     238830
#PARAMETERS TO BE ESTIMATED
#Number of Selectivity Parameters
#(NSELECTPAR)
5
#Selectivity to estimate for AGE GROUPS NOT GROUPS age groups are 1.2, 1.3, 2.2, 2.3 ect...
#1) Age Group, 2) phase, 3) StartValue, 4) min, 5) max
#(TempSelectivity)
1     2     0.1000000895482     0.0     10
2     2     0.684579     0.0     10
3     2     1.008447     0.0     10
4     2     1.96599     0.0     10
5     2     1.74098     0.0     10
#Number of Availability Parameters
#(NAVAILPAR)
15
#Availability to estimate for stocks in districts (i.e. Alagnak in Egegik District)
#1) Availability group, 2) phase, 3) StartValue, 4) min, 5) max
#(TempAvailability)
1     -1     1.4851545     0     10
2     -1     0.191421792857143     0     10
3     -1     0.0404720613056471     0     10
4     -1     1.4904055     0     10
5     -1     0.130699197857143     0     10
6     -1     0.0433718788068764     0     10
7     -1     1.82306835714286     0     10
8     -1     0.237020228571429     0     10
9     -1     0.0261694169676093     0     10
10     -1     0.146338452142857     0     10
11     -1     4.02709571428571     0     10
12     -1     0.23133515     0     10
13     -1     0.0550396453127114     0     10
14     -1     0.413765242857143     0     10
15     -1     4.65865     0     10
#Total run size of each group (thousands): group number, estimation phase [neg=ignore], startValue, min, max
#(TempRunSize)
1     -1     0     0     8622054
2     -1     0     0     8622054
3     1     634.795     0     8622054
4     -1     0     0     8622054
5     -1     0     0     8622054
6     1     3948.55     0     8622054
7     1     39925.8     0     8622054
8     1     164547     0     8622054
9     1     1.0000000105296     0     8622054
10     -1     0     0     8622054
11     1     137.963     0     8622054
12     1     5261511     0     8622054
13     1     769297     0     8622054
14     -1     0     0     8622054
15     -1     0     0     8622054
16     1     5966.69     0     8622054
17     1     4610.12     0     8622054
18     -1     0     0     8622054
19     -1     0     0     8622054
20     -1     0     0     8622054
21     1     1.00000000095724     0     8622054
22     -1     0     0     8622054
23     -1     0     0     8622054
24     1     4978.29     0     8622054
25     1     174674     0     8622054
26     1     80780.4     0     8622054
27     1     1.00000000095724     0     8622054
28     -1     0     0     8622054
29     1     324.913     0     8622054
30     1     1215.51     0     8622054
31     1     1.00000000095724     0     8622054
32     -1     0     0     8622054
33     -1     0     0     8622054
34     1     1.00000000095724     0     8622054
35     1     1.00000000095724     0     8622054
36     -1     0     0     8622054
37     -1     0     0     8622054
38     -1     0     0     8622054
39     1     1.00000000143586     0     8622054
40     -1     0     0     8622054
41     -1     0     0     8622054
42     1     483.879     0     8622054
43     1     92656.4     0     8622054
44     1     174416     0     8622054
45     1     6271.93     0     8622054
46     -1     0     0     8622054
47     1     15093.8     0     8622054
48     1     242056     0     8622054
49     1     466088     0     8622054
50     1     1302.15     0     8622054
51     -1     0     0     8622054
52     1     1.00000000143586     0     8622054
53     1     1.00000000191448     0     8622054
54     -1     0     0     8622054
55     -1     0     0     8622054
56     -1     0     0     8622054
57     1     961.948     0     8622054
58     -1     0     0     8622054
59     -1     0     0     8622054
60     1     232.968     0     8622054
61     1     2848.62     0     8622054
62     1     19030.9     0     8622054
63     1     1.00000000143586     0     8622054
64     -1     0     0     8622054
65     1     2296.13     0     8622054
66     1     676057     0     8622054
67     1     868877     0     8622054
68     -1     0     0     8622054
69     -1     0     0     8622054
70     1     26263.5     0     8622054
71     1     35927.6     0     8622054
72     -1     0     0     8622054
73     -1     0     0     8622054
74     -1     0     0     8622054
75     1     1.00000000095724     0     8622054
76     -1     0     0     8622054
77     -1     0     0     8622054
78     1     126.795     0     8622054
79     1     10313.4     0     8622054
80     1     138010     0     8622054
81     1     1058.77     0     8622054
82     -1     0     0     8622054
83     1     47.0225     0     8622054
84     1     145030     0     8622054
85     1     109511     0     8622054
86     -1     0     0     8622054
87     -1     0     0     8622054
88     1     1.00000000095724     0     8622054
89     1     1.00000000095724     0     8622054
90     -1     0     0     8622054
#GROUP CODES
#These relate the groups to the various parameters of interest that could vary or be fixed
#1) Group number, 2) DistrictID, 3) StreamID, 4) Selectivity pointer, 5) AgeComp group ID
#(groupCodes)
1     1     1     1     1
2     1     1     2     2
3     1     1     3     3
4     1     1     4     4
5     1     1     5     5
6     1     1     1     6
7     1     1     2     7
8     1     1     3     8
9     1     1     4     9
10     1     1     5     10
11     1     1     1     11
12     1     1     2     12
13     1     1     3     13
14     1     1     4     14
15     1     1     1     15
16     1     1     2     16
17     1     1     3     17
18     1     1     4     18
19     1     2     1     1
20     1     2     2     2
21     1     2     3     3
22     1     2     4     4
23     1     2     5     5
24     1     2     1     6
25     1     2     2     7
26     1     2     3     8
27     1     2     4     9
28     1     2     5     10
29     1     2     1     11
30     1     2     2     12
31     1     2     3     13
32     1     2     4     14
33     1     2     1     15
34     1     2     2     16
35     1     2     3     17
36     1     2     4     18
37     1     3     1     1
38     1     3     2     2
39     1     3     3     3
40     1     3     4     4
41     1     3     5     5
42     1     3     1     6
43     1     3     2     7
44     1     3     3     8
45     1     3     4     9
46     1     3     5     10
47     1     3     1     11
48     1     3     2     12
49     1     3     3     13
50     1     3     4     14
51     1     3     1     15
52     1     3     2     16
53     1     3     3     17
54     1     3     4     18
55     2     4     1     1
56     2     4     2     2
57     2     4     3     3
58     2     4     4     4
59     2     4     5     5
60     2     4     1     6
61     2     4     2     7
62     2     4     3     8
63     2     4     4     9
64     2     4     5     10
65     2     4     1     11
66     2     4     2     12
67     2     4     3     13
68     2     4     4     14
69     2     4     1     15
70     2     4     2     16
71     2     4     3     17
72     2     4     4     18
73     3     5     1     1
74     3     5     2     2
75     3     5     3     3
76     3     5     4     4
77     3     5     5     5
78     3     5     1     6
79     3     5     2     7
80     3     5     3     8
81     3     5     4     9
82     3     5     5     10
83     3     5     1     11
84     3     5     2     12
85     3     5     3     13
86     3     5     4     14
87     3     5     1     15
88     3     5     2     16
89     3     5     3     17
90     3     5     4     18
#Testing code to ensure data was read in correctly, DO NOT CHANGE
#(testCode)
12345
