#SYRAH Annual input file, version number:
2.0
#DATA is for the east side in 1968
#(year)
1968
#CONSTANTS THAT DETERMINE ARRAY BOUNDS
#Number of districts
#(NDISTRICTS)
3
#Number of groups
#(NGROUPS)
90
#Number of stocks
#(NSTOCKS)
5
#Number of age groups recorded: 
#(NAGECOMPS)
18
#Age group labels (must be numeric!)
#(AgeCompLabels)
0.1 0.2 0.3 0.4 0.5 1.1 1.2 1.3 1.4 1.5 2.1 2.2 2.3 2.4 3.1 3.2 3.3 3.4
#Flag for genetic data by district: 1 = Data available, -1 = Data Unavailable 
#(GENdata)
-1 -1 -1
#Genetic fractions
#(GeneticFracData)
#1) District ID, 2) Sample Size, 3) Kvichank, 4) Alagnak, 5) Naknek, 6) Egegik, 7) Ugashik
1     -1     0     0     0     0     0
2     -1     0     0     0     0     0
3     -1     0     0     0     0     0
#Age composition for CATCH data
#(AgeCompCATCH)
1     2697     0     0     0     0     0     5.671506e-05     0.2858848     0.1705154     0.0001370614     0     0.004291463     0.3354123     0.1981991     0     0     0.002337441     0.003165682     0
2     2953     0     0     0     0     0     0     0.1335353     0.104217     0     0     6.469142e-05     0.4146922     0.3183504     0     0     0.01880245     0.01033792     0
3     1838     0     0     0.001039765     0     0     0     0.1729667     0.1174325     0.0004977601     0     0.001194624     0.5450387     0.1587238     0.0006449343     0     0.002461147     0     0
#Age composition for ESCAPEMENT data
#(AgeCompESC)
1     2211     0     0     0     0     0     0.007626995     0.6552609     0.01458429     0     0     0.03261093     0.1821982     0.1050894     0     0     0.002629185     0     0
2     392     0     0     0     0     0     0.03652742     0.3260879     0.4576285     0     0     0.0080462     0.1004972     0.06849028     0     0     0.002722513     0     0
3     2668     0     0     0     0     0     0.01095204     0.2232255     0.2002725     0.001144675     0     0.02806833     0.380417     0.1508769     0     0     0.004258775     0.0007841621     0
4     635     0     0     0     0     0     0     0.07335111     0.0774798     0     0     0.01459692     0.5370595     0.257572     0     0     0.03393521     0.006005442     0
5     505     0     0     0     0     0     0     0.1312211     0.1397577     0.000426318     0     0.1255914     0.4639744     0.136339     0.002263803     0     0     0.000426318     0
#Catch Data by District
#(catchData)
1216858     671554     82457
#Escapement Data by Stock
#(escData)
2557440     193872     1023222     338654     70896
#PARAMETERS TO BE ESTIMATED
#Number of Selectivity Parameters
#(NSELECTPAR)
5
#Selectivity to estimate for AGE GROUPS NOT GROUPS age groups are 1.2, 1.3, 2.2, 2.3 ect...
#1) Age Group, 2) phase, 3) StartValue, 4) min, 5) max
#(TempSelectivity)
1     2     0.1646592     0.0     10
2     2     1.37118     0.0     10
3     2     1.56232     0.0     10
4     2     0.821092     0.0     10
5     2     1.58075     0.0     10
#Number of Availability Parameters
#(NAVAILPAR)
15
#Availability to estimate for stocks in districts (i.e. Alagnak in Egegik District)
#1) Availability group, 2) phase, 3) StartValue, 4) min, 5) max
#(TempAvailability)
1     -1     1.4851545     0     10
2     -1     0.191421792857143     0     10
3     -1     0.0404720613056471     0     10
4     -1     1.4904055     0     10
5     -1     0.130699197857143     0     10
6     -1     0.0433718788068764     0     10
7     -1     1.82306835714286     0     10
8     -1     0.237020228571429     0     10
9     -1     0.0261694169676093     0     10
10     -1     0.146338452142857     0     10
11     -1     4.02709571428571     0     10
12     -1     0.23133515     0     10
13     -1     0.0550396453127114     0     10
14     -1     0.413765242857143     0     10
15     -1     4.65865     0     10
#Total run size of each group (thousands): group number, estimation phase [neg=ignore], startValue, min, max
#(TempRunSize)
1     -1     0     0     6154953
2     -1     0     0     6154953
3     1     1.00000000205001     0     6154953
4     -1     0     0     6154953
5     -1     0     0     6154953
6     1     10209.7     0     6154953
7     1     1135641     0     6154953
8     1     28088.2     0     6154953
9     1     1.00000000239168     0     6154953
10     -1     0     0     6154953
11     1     46060.7     0     6154953
12     1     351031     0     6154953
13     1     218481     0     6154953
14     1     1.00000000205001     0     6154953
15     -1     0     0     6154953
16     1     4175.67     0     6154953
17     1     1.00000000580836     0     6154953
18     -1     0     0     6154953
19     -1     0     0     6154953
20     -1     0     0     6154953
21     1     1.00000000068334     0     6154953
22     -1     0     0     6154953
23     -1     0     0     6154953
24     1     6744.6     0     6154953
25     1     80043.6     0     6154953
26     1     118710     0     6154953
27     1     1.00000000068334     0     6154953
28     -1     0     0     6154953
29     1     1497.3     0     6154953
30     1     25027.3     0     6154953
31     1     17929.9     0     6154953
32     1     1.00000000068334     0     6154953
33     -1     0     0     6154953
34     1     660.342     0     6154953
35     1     1.00000000068334     0     6154953
36     -1     0     0     6154953
37     -1     0     0     6154953
38     -1     0     0     6154953
39     1     1.00000000239168     0     6154953
40     -1     0     0     6154953
41     -1     0     0     6154953
42     1     17739.8     0     6154953
43     1     488124     0     6154953
44     1     514220     0     6154953
45     1     1970.98     0     6154953
46     -1     0     0     6154953
47     1     49244.8     0     6154953
48     1     973627     0     6154953
49     1     439814     0     6154953
50     1     1.00000000239168     0     6154953
51     -1     0     0     6154953
52     1     8439.47     0     6154953
53     1     5664.07     0     6154953
54     -1     0     0     6154953
55     -1     0     0     6154953
56     -1     0     0     6154953
57     1     1.00000000102501     0     6154953
58     -1     0     0     6154953
59     -1     0     0     6154953
60     1     1.00000000068334     0     6154953
61     1     57944.8     0     6154953
62     1     68832.6     0     6154953
63     1     1.00000000068334     0     6154953
64     -1     0     0     6154953
65     1     5150.6     0     6154953
66     1     438426     0     6154953
67     1     263775     0     6154953
68     1     1.00000000068334     0     6154953
69     -1     0     0     6154953
70     1     23957.5     0     6154953
71     1     7186.46     0     6154953
72     -1     0     0     6154953
73     -1     0     0     6154953
74     -1     0     0     6154953
75     1     98.6796     0     6154953
76     -1     0     0     6154953
77     -1     0     0     6154953
78     1     1.00000000068334     0     6154953
79     1     20673.8     0     6154953
80     1     20962.8     0     6154953
81     1     78.9711     0     6154953
82     -1     0     0     6154953
83     1     11261.7     0     6154953
84     1     78580.6     0     6154953
85     1     20251.7     0     6154953
86     1     266.002     0     6154953
87     -1     0     0     6154953
88     1     1.00000000068334     0     6154953
89     1     41.8827     0     6154953
90     -1     0     0     6154953
#GROUP CODES
#These relate the groups to the various parameters of interest that could vary or be fixed
#1) Group number, 2) DistrictID, 3) StreamID, 4) Selectivity pointer, 5) AgeComp group ID
#(groupCodes)
1     1     1     1     1
2     1     1     2     2
3     1     1     3     3
4     1     1     4     4
5     1     1     5     5
6     1     1     1     6
7     1     1     2     7
8     1     1     3     8
9     1     1     4     9
10     1     1     5     10
11     1     1     1     11
12     1     1     2     12
13     1     1     3     13
14     1     1     4     14
15     1     1     1     15
16     1     1     2     16
17     1     1     3     17
18     1     1     4     18
19     1     2     1     1
20     1     2     2     2
21     1     2     3     3
22     1     2     4     4
23     1     2     5     5
24     1     2     1     6
25     1     2     2     7
26     1     2     3     8
27     1     2     4     9
28     1     2     5     10
29     1     2     1     11
30     1     2     2     12
31     1     2     3     13
32     1     2     4     14
33     1     2     1     15
34     1     2     2     16
35     1     2     3     17
36     1     2     4     18
37     1     3     1     1
38     1     3     2     2
39     1     3     3     3
40     1     3     4     4
41     1     3     5     5
42     1     3     1     6
43     1     3     2     7
44     1     3     3     8
45     1     3     4     9
46     1     3     5     10
47     1     3     1     11
48     1     3     2     12
49     1     3     3     13
50     1     3     4     14
51     1     3     1     15
52     1     3     2     16
53     1     3     3     17
54     1     3     4     18
55     2     4     1     1
56     2     4     2     2
57     2     4     3     3
58     2     4     4     4
59     2     4     5     5
60     2     4     1     6
61     2     4     2     7
62     2     4     3     8
63     2     4     4     9
64     2     4     5     10
65     2     4     1     11
66     2     4     2     12
67     2     4     3     13
68     2     4     4     14
69     2     4     1     15
70     2     4     2     16
71     2     4     3     17
72     2     4     4     18
73     3     5     1     1
74     3     5     2     2
75     3     5     3     3
76     3     5     4     4
77     3     5     5     5
78     3     5     1     6
79     3     5     2     7
80     3     5     3     8
81     3     5     4     9
82     3     5     5     10
83     3     5     1     11
84     3     5     2     12
85     3     5     3     13
86     3     5     4     14
87     3     5     1     15
88     3     5     2     16
89     3     5     3     17
90     3     5     4     18
#Testing code to ensure data was read in correctly, DO NOT CHANGE
#(testCode)
12345
