#SYRAH Annual input file, version number:
2.0
#DATA is for the east side in 1985
#(year)
1985
#CONSTANTS THAT DETERMINE ARRAY BOUNDS
#Number of districts
#(NDISTRICTS)
3
#Number of groups
#(NGROUPS)
90
#Number of stocks
#(NSTOCKS)
5
#Number of age groups recorded: 
#(NAGECOMPS)
18
#Age group labels (must be numeric!)
#(AgeCompLabels)
0.1 0.2 0.3 0.4 0.5 1.1 1.2 1.3 1.4 1.5 2.1 2.2 2.3 2.4 3.1 3.2 3.3 3.4
#Flag for genetic data by district: 1 = Data available, -1 = Data Unavailable 
#(GENdata)
1 1 1
#Genetic fractions
#(GeneticFracData)
#1) District ID, 2) Sample Size, 3) Kvichank, 4) Alagnak, 5) Naknek, 6) Egegik, 7) Ugashik
1     285     0.6464     0.0415     0.2451     0.0587     0.0042
2     194     0.1069     0.0185     0.0141     0.8319     0.022
3     296     0.0111     5e-04     0.0022     0.008     0.9737
#Age composition for CATCH data
#(AgeCompCATCH)
1     8505     0     0     7.515641e-05     0     0     5.595775e-05     0.0965835     0.222268     0.0005415748     0     8.842026e-05     0.465735     0.2145965     0     0     5.595775e-05     0     0
2     1697     0     0     0     0     0     0     0.05827233     0.268891     0.0002999746     0     0.001645416     0.4964646     0.1726855     0.0007205703     0     0     0.001020545     0
3     3212     0     0     0.001089988     0     0     0     0.1704023     0.3027538     0.002146972     0     0     0.443921     0.07968596     0     0     0     0     0
#Age composition for ESCAPEMENT data
#(AgeCompESC)
1     2940     0     0     0.0005711196     0     0     0     0.05344252     0.08768854     0     0     0     0.6169078     0.2411662     0     0     0     0.0002238428     0
2     0     0     0     0     0     0     0     0.6011158     0.250188     0     0     0     0.1026919     0.0460043     0     0     0     0     0
3     2592     0     0     0     0     0     0.002348295     0.193508     0.3518765     0.001743475     0     0.002707831     0.3439886     0.1019782     0     0     0.001849205     0     0
4     2962     0     0     0     0     0     0.001244543     0.09784988     0.2150997     0     0     0.03031544     0.5698571     0.08471024     0     0.0002578401     0     0.0006652836     0
5     4884     0     0     0     0     0     0.003467336     0.2940635     0.1718317     0.007561871     0     0.004975446     0.4531827     0.06491743     0     0     0     0     0
#Catch Data by District
#(catchData)
8095015     7537273     6468862
#Escapement Data by Stock
#(escData)
7211046     300976.5     1849938     1095192     1006407
#PARAMETERS TO BE ESTIMATED
#Number of Selectivity Parameters
#(NSELECTPAR)
5
#Selectivity to estimate for AGE GROUPS NOT GROUPS age groups are 1.2, 1.3, 2.2, 2.3 ect...
#1) Age Group, 2) phase, 3) StartValue, 4) min, 5) max
#(TempSelectivity)
1     1     0.1835955     0.0     10
2     1     1.29213     0.0     10
3     1     1.74859     0.0     10
4     1     0.61639     0.0     10
5     1     1.65731     0.0     10
#Number of Availability Parameters
#(NAVAILPAR)
15
#Availability to estimate for stocks in districts (i.e. Alagnak in Egegik District)
#1) Availability group, 2) phase, 3) StartValue, 4) min, 5) max
#(TempAvailability)
1     1     1.40502     0.0     10
2     1     0.320247     0.0     10
3     1     0.1231788     0.0     10
4     1     1.82763     0.0     10
5     1     1.025174     0.0     10
6     1     0.1187591     0.0     10
7     1     1.91638     0.0     10
8     1     0.1880337     0.0     10
9     1     0.10984272     0.0     10
10     1     0.243587     0.0     10
11     1     3.8399     0.0     10
12     1     0.1248943     0.0     10
13     1     0.10781047     0.0     10
14     1     0.1466001     0.0     10
15     1     5.06817     0.0     10
#Total run size of each group (thousands): group number, estimation phase [neg=ignore], startValue, min, max
#(TempRunSize)
1     -1     0     0     33564709.5
2     -1     0     0     33564709.5
3     1     4141.37     0     33564709.5
4     -1     0     0     33564709.5
5     -1     0     0     33564709.5
6     1     13.3364     0     33564709.5
7     1     712374     0     33564709.5
8     1     1406141     0     33564709.5
9     1     8.25382     0     33564709.5
10     -1     0     0     33564709.5
11     1     1.0364829     0     33564709.5
12     1     7676661     0     33564709.5
13     1     3503501     0     33564709.5
14     1     24.4513     0     33564709.5
15     -1     0     0     33564709.5
16     1     45.0535     0     33564709.5
17     1     2006.1     0     33564709.5
18     -1     0     0     33564709.5
19     -1     0     0     33564709.5
20     -1     0     0     33564709.5
21     1     234.75     0     33564709.5
22     -1     0     0     33564709.5
23     -1     0     0     33564709.5
24     1     10837.8     0     33564709.5
25     1     123343     0     33564709.5
26     1     2904.9     0     33564709.5
27     1     24371.4     0     33564709.5
28     -1     0     0     33564709.5
29     1     3665.95     0     33564709.5
30     1     603384     0     33564709.5
31     1     115.456     0     33564709.5
32     1     21401.9     0     33564709.5
33     -1     0     0     33564709.5
34     1     559.176     0     33564709.5
35     1     14.5174     0     33564709.5
36     -1     0     0     33564709.5
37     -1     0     0     33564709.5
38     -1     0     0     33564709.5
39     1     1.299166     0     33564709.5
40     -1     0     0     33564709.5
41     -1     0     0     33564709.5
42     1     4427.81     0     33564709.5
43     1     704597     0     33564709.5
44     1     1630181     0     33564709.5
45     1     6157.37     0     33564709.5
46     -1     0     0     33564709.5
47     1     6412.1     0     33564709.5
48     1     1216261     0     33564709.5
49     1     454995     0     33564709.5
50     1     1.0582916     0     33564709.5
51     -1     0     0     33564709.5
52     1     5537.33     0     33564709.5
53     1     1.0108648     0     33564709.5
54     -1     0     0     33564709.5
55     -1     0     0     33564709.5
56     -1     0     0     33564709.5
57     1     4.9436     0     33564709.5
58     -1     0     0     33564709.5
59     -1     0     0     33564709.5
60     1     3420.79     0     33564709.5
61     1     693843     0     33564709.5
62     1     2626221     0     33564709.5
63     1     3.88262     0     33564709.5
64     -1     0     0     33564709.5
65     1     90659.8     0     33564709.5
66     1     4687031     0     33564709.5
67     1     1219151     0     33564709.5
68     1     48.3261     0     33564709.5
69     1     707.16     0     33564709.5
70     1     3.39329     0     33564709.5
71     1     8945.57     0     33564709.5
72     -1     0     0     33564709.5
73     -1     0     0     33564709.5
74     -1     0     0     33564709.5
75     1     3956.51     0     33564709.5
76     -1     0     0     33564709.5
77     -1     0     0     33564709.5
78     1     8145.73     0     33564709.5
79     1     1693861     0     33564709.5
80     1     1888451     0     33564709.5
81     1     28542.2     0     33564709.5
82     -1     0     0     33564709.5
83     1     12536.1     0     33564709.5
84     1     3112141     0     33564709.5
85     1     581937     0     33564709.5
86     1     3.61625     0     33564709.5
87     -1     0     0     33564709.5
88     1     6.07525     0     33564709.5
89     1     1.899819     0     33564709.5
90     -1     0     0     33564709.5
#GROUP CODES
#These relate the groups to the various parameters of interest that could vary or be fixed
#1) Group number, 2) DistrictID, 3) StreamID, 4) Selectivity pointer, 5) AgeComp group ID
#(groupCodes)
1     1     1     1     1
2     1     1     2     2
3     1     1     3     3
4     1     1     4     4
5     1     1     5     5
6     1     1     1     6
7     1     1     2     7
8     1     1     3     8
9     1     1     4     9
10     1     1     5     10
11     1     1     1     11
12     1     1     2     12
13     1     1     3     13
14     1     1     4     14
15     1     1     1     15
16     1     1     2     16
17     1     1     3     17
18     1     1     4     18
19     1     2     1     1
20     1     2     2     2
21     1     2     3     3
22     1     2     4     4
23     1     2     5     5
24     1     2     1     6
25     1     2     2     7
26     1     2     3     8
27     1     2     4     9
28     1     2     5     10
29     1     2     1     11
30     1     2     2     12
31     1     2     3     13
32     1     2     4     14
33     1     2     1     15
34     1     2     2     16
35     1     2     3     17
36     1     2     4     18
37     1     3     1     1
38     1     3     2     2
39     1     3     3     3
40     1     3     4     4
41     1     3     5     5
42     1     3     1     6
43     1     3     2     7
44     1     3     3     8
45     1     3     4     9
46     1     3     5     10
47     1     3     1     11
48     1     3     2     12
49     1     3     3     13
50     1     3     4     14
51     1     3     1     15
52     1     3     2     16
53     1     3     3     17
54     1     3     4     18
55     2     4     1     1
56     2     4     2     2
57     2     4     3     3
58     2     4     4     4
59     2     4     5     5
60     2     4     1     6
61     2     4     2     7
62     2     4     3     8
63     2     4     4     9
64     2     4     5     10
65     2     4     1     11
66     2     4     2     12
67     2     4     3     13
68     2     4     4     14
69     2     4     1     15
70     2     4     2     16
71     2     4     3     17
72     2     4     4     18
73     3     5     1     1
74     3     5     2     2
75     3     5     3     3
76     3     5     4     4
77     3     5     5     5
78     3     5     1     6
79     3     5     2     7
80     3     5     3     8
81     3     5     4     9
82     3     5     5     10
83     3     5     1     11
84     3     5     2     12
85     3     5     3     13
86     3     5     4     14
87     3     5     1     15
88     3     5     2     16
89     3     5     3     17
90     3     5     4     18
#Testing code to ensure data was read in correctly, DO NOT CHANGE
#(testCode)
12345
