#SYRAH Annual input file, version number:
2.0
#DATA is for the east side in 2019
#(year)
2019
#CONSTANTS THAT DETERMINE ARRAY BOUNDS
#Number of districts
#(NDISTRICTS)
3
#Number of groups
#(NGROUPS)
90
#Number of stocks
#(NSTOCKS)
5
#Number of age groups recorded: 
#(NAGECOMPS)
18
#Age group labels (must be numeric!)
#(AgeCompLabels)
0.1 0.2 0.3 0.4 0.5 1.1 1.2 1.3 1.4 1.5 2.1 2.2 2.3 2.4 3.1 3.2 3.3 3.4
#Flag for genetic data by district: 1 = Data available, -1 = Data Unavailable 
#(GENdata)
1 1 1
#Genetic fractions
#(GeneticFracData)
#1) District ID, 2) Sample Size, 3) Kvichank, 4) Alagnak, 5) Naknek, 6) Egegik, 7) Ugashik
1     909     0.4145307     0.06826793     0.3785484     0.08527766     0.000328
2     729     0.02658729     0.00640949     0.04724155     0.8398738     0.07512178
3     186     0.006125008     0.000165     0.000673     0.1365344     0.8310449
#Age composition for CATCH data
#(AgeCompCATCH)
1     1     0     0     0     0     0     0.0001661436     0.5236281     0.4289799     0.00134783     0     0     0.02397816     0.02189967     0     0     0     0     0
2     1     0     0     0     0     0     0.0002476415     0.7311913     0.1711992     0     0     0.00114581     0.07143195     0.02461197     0     0     0     0.0001721303     0
3     1     0     0     0     0     0     0.0009073501     0.4359548     0.5140524     0.001079766     0     0     0.0253403     0.02266641     0     0     0     0     0
#Age composition for ESCAPEMENT data
#(AgeCompESC)
1     1     0     0     0     0     0     0.001094785     0.889471     0.1027002     0     0     0     0.005772081     0.0009619432     0     0     0     0     0
2     1     0     0     0     0     0     0.005466459     0.755383     0.22441     0     0     0     0.01151552     0.003226247     0     0     0     0     0
3     1     0     0     0     0     0     0.0003548036     0.7578739     0.2033045     0     0     0     0.03002332     0.008443845     0     0     0     0     0
4     1     0     0     0     0     0     0.01142077     0.8472479     0.02037979     0     0     0.02530328     0.09077519     0.004873067     0     0     0     0     0
5     1     0     0     0     0     0     0.03290717     0.6584308     0.2866862     0     0     0.004083352     0.01566986     0.002221938     0     0     0     0     0
#Catch Data by District
#(catchData)
8564879     14686551     1038188
#Escapement Data by Stock
#(escData)
2371242     820458     2911470     2340210     1547748
#PARAMETERS TO BE ESTIMATED
#Number of Selectivity Parameters
#(NSELECTPAR)
5
#Selectivity to estimate for AGE GROUPS NOT GROUPS age groups are 1.2, 1.3, 2.2, 2.3 ect...
#1) Age Group, 2) phase, 3) StartValue, 4) min, 5) max
#(TempSelectivity)
1     2     0.10181708787     0.0     10
2     2     0.8567325406     0.0     10
3     2     1.553773782     0.0     10
4     2     1.971204918     0.0     10
5     2     1.0416302417     0.0     10
#Number of Availability Parameters
#(NAVAILPAR)
15
#Availability to estimate for stocks in districts (i.e. Alagnak in Egegik District)
#1) Availability group, 2) phase, 3) StartValue, 4) min, 5) max
#(TempAvailability)
1     2     2.438938719     0.0     10
2     2     0.2363717821     0.0     10
3     2     0.14831745457     0.0     10
4     2     1.204404049     0.0     10
5     2     0.1954997816     0.0     10
6     2     0.18653561891     0.0     10
7     2     1.617849516     0.0     10
8     2     0.393863635     0.0     10
9     2     0.15271498056     0.0     10
10     2     0.19819574931     0.0     10
11     2     3.288800688     0.0     10
12     2     0.3119079983     0.0     10
13     2     0.106755913038     0.0     10
14     2     1.356988629     0.0     10
15     2     4.610058955     0.0     10
#Total run size of each group (thousands): group number, estimation phase [neg=ignore], startValue, min, max
#(TempRunSize)
1     -1     0     0     34280746
2     -1     0     0     34280746
3     -1     0     0     34280746
4     -1     0     0     34280746
5     -1     0     0     34280746
6     1     967.3929995     0     34280746
7     1     3952925.476     0     34280746
8     1     2036433.052     0     34280746
9     1     9246.269007     0     34280746
10     -1     0     0     34280746
11     1     1.00000000380593     0     34280746
12     1     33584.17451     0     34280746
13     1     31014.88169     0     34280746
14     -1     0     0     34280746
15     -1     0     0     34280746
16     -1     0     0     34280746
17     1     1.00000000380593     0     34280746
18     -1     0     0     34280746
19     -1     0     0     34280746
20     -1     0     0     34280746
21     -1     0     0     34280746
22     -1     0     0     34280746
23     -1     0     0     34280746
24     1     2169.380523     0     34280746
25     1     992676.661     0     34280746
26     1     425005.8236     0     34280746
27     1     1.00000005899187     0     34280746
28     -1     0     0     34280746
29     1     1.00000724267975     0     34280746
30     1     29525.21885     0     34280746
31     1     10162.77182     0     34280746
32     -1     0     0     34280746
33     -1     0     0     34280746
34     -1     0     0     34280746
35     1     1.00000000380593     0     34280746
36     -1     0     0     34280746
37     -1     0     0     34280746
38     -1     0     0     34280746
39     -1     0     0     34280746
40     -1     0     0     34280746
41     -1     0     0     34280746
42     1     1437.618548     0     34280746
43     1     3026909.781     0     34280746
44     1     2505823.851     0     34280746
45     1     1.00000517796416     0     34280746
46     -1     0     0     34280746
47     1     1.00000000570889     0     34280746
48     1     174667.842     0     34280746
49     1     154618.6726     0     34280746
50     -1     0     0     34280746
51     -1     0     0     34280746
52     -1     0     0     34280746
53     1     1.00000000380593     0     34280746
54     -1     0     0     34280746
55     -1     0     0     34280746
56     -1     0     0     34280746
57     -1     0     0     34280746
58     -1     0     0     34280746
59     -1     0     0     34280746
60     1     107890.5391     0     34280746
61     1     14832959.43     0     34280746
62     1     867724.8307     0     34280746
63     1     1.0000002987653     0     34280746
64     -1     0     0     34280746
65     1     242738.1197     0     34280746
66     1     1647397.614     0     34280746
67     1     423129.4489     0     34280746
68     -1     0     0     34280746
69     -1     0     0     34280746
70     -1     0     0     34280746
71     1     2131.480235     0     34280746
72     -1     0     0     34280746
73     -1     0     0     34280746
74     -1     0     0     34280746
75     -1     0     0     34280746
76     -1     0     0     34280746
77     -1     0     0     34280746
78     1     44656.33937     0     34280746
79     1     1884881.364     0     34280746
80     1     1894890.713     0     34280746
81     1     1441.11853     0     34280746
82     -1     0     0     34280746
83     1     6986.728547     0     34280746
84     1     49609.42733     0     34280746
85     1     26523.64329     0     34280746
86     -1     0     0     34280746
87     -1     0     0     34280746
88     -1     0     0     34280746
89     1     1.00000000570889     0     34280746
90     -1     0     0     34280746
#GROUP CODES
#These relate the groups to the various parameters of interest that could vary or be fixed
#1) Group number, 2) DistrictID, 3) StreamID, 4) Selectivity pointer, 5) AgeComp group ID
#(groupCodes)
1     1     1     1     1
2     1     1     2     2
3     1     1     3     3
4     1     1     4     4
5     1     1     5     5
6     1     1     1     6
7     1     1     2     7
8     1     1     3     8
9     1     1     4     9
10     1     1     5     10
11     1     1     1     11
12     1     1     2     12
13     1     1     3     13
14     1     1     4     14
15     1     1     1     15
16     1     1     2     16
17     1     1     3     17
18     1     1     4     18
19     1     2     1     1
20     1     2     2     2
21     1     2     3     3
22     1     2     4     4
23     1     2     5     5
24     1     2     1     6
25     1     2     2     7
26     1     2     3     8
27     1     2     4     9
28     1     2     5     10
29     1     2     1     11
30     1     2     2     12
31     1     2     3     13
32     1     2     4     14
33     1     2     1     15
34     1     2     2     16
35     1     2     3     17
36     1     2     4     18
37     1     3     1     1
38     1     3     2     2
39     1     3     3     3
40     1     3     4     4
41     1     3     5     5
42     1     3     1     6
43     1     3     2     7
44     1     3     3     8
45     1     3     4     9
46     1     3     5     10
47     1     3     1     11
48     1     3     2     12
49     1     3     3     13
50     1     3     4     14
51     1     3     1     15
52     1     3     2     16
53     1     3     3     17
54     1     3     4     18
55     2     4     1     1
56     2     4     2     2
57     2     4     3     3
58     2     4     4     4
59     2     4     5     5
60     2     4     1     6
61     2     4     2     7
62     2     4     3     8
63     2     4     4     9
64     2     4     5     10
65     2     4     1     11
66     2     4     2     12
67     2     4     3     13
68     2     4     4     14
69     2     4     1     15
70     2     4     2     16
71     2     4     3     17
72     2     4     4     18
73     3     5     1     1
74     3     5     2     2
75     3     5     3     3
76     3     5     4     4
77     3     5     5     5
78     3     5     1     6
79     3     5     2     7
80     3     5     3     8
81     3     5     4     9
82     3     5     5     10
83     3     5     1     11
84     3     5     2     12
85     3     5     3     13
86     3     5     4     14
87     3     5     1     15
88     3     5     2     16
89     3     5     3     17
90     3     5     4     18
#Standard deviation for CATCH error distribution
#(temp_sigmaCat)
0.5
#Standard deviation for ESCAPEMENT error distribution
#(temp_sigmaEsc)
0.5
#Testing code to ensure data was read in correctly, DO NOT CHANGE
#(testCode)
12345
