#SYRAH Annual input file, version number:
2.0
#DATA is for the east side in 2024
#(year)
2024
#CONSTANTS THAT DETERMINE ARRAY BOUNDS
#Number of districts
#(NDISTRICTS)
3
#Number of groups
#(NGROUPS)
90
#Number of stocks
#(NSTOCKS)
5
#Number of age groups recorded: 
#(NAGECOMPS)
18
#Age group labels (must be numeric!)
#(AgeCompLabels)
0.1 0.2 0.3 0.4 0.5 1.1 1.2 1.3 1.4 1.5 2.1 2.2 2.3 2.4 3.1 3.2 3.3 3.4
#Flag for genetic data by district: 1 = Data available, -1 = Data Unavailable 
#(GENdata)
1 1 1
#Genetic fractions
#(GeneticFracData)
#1) District ID, 2) Sample Size, 3) Kvichank, 4) Alagnak, 5) Naknek, 6) Egegik, 7) Ugashik
1     567     0.5486568     0.191589     0.1321419     0.02106646     0.07164625
2     556     0.06190136     0.02290266     0.04174472     0.5341126     0.3234021
3     377     0.01079625     0.0000181     0.01470976     0.04567292     0.8802942
#Age composition for CATCH data
#(AgeCompCATCH)
1     1     0     0     0     0     0     0     0.646888     0.2183807     0.005029418     0     0     0.07578245     0.05257039     0.00133271     0     0.00001632159     0     0
2     1     0     0     0     0     0     0.000249745     0.5618624     0.0942017     0.004930053     0     0.0003249899     0.199969     0.1375165     0.0006957317     0     0.000249745     0     0
3     1     0     0     0     0     0     0     0.7511918     0.08860453     0.0005842911     0     0     0.07658547     0.08265612     0.0003777521     0     0     0     0
#Age composition for ESCAPEMENT data
#(AgeCompESC)
1     1     0     0     0     0     0     0     0.8746823     0.05165122     0     0     0     0.05757838     0.01608807     0     0     0     0     0
2     1     0     0     0     0     0     0     0.8411736     0.09283914     0.000706114     0     0     0.06318193     0.002099246     0     0     0     0     0
3     1     0     0     0     0     0     0.0006575879     0.5439968     0.2253518     0.008749482     0     0     0.1639435     0.05730084     0     0     0     0     0
4     1     0     0     0     0     0     0.01756361     0.6393275     0.01327728     0.001224408     0     0.08349761     0.2055694     0.03839649     0.001143618     0     0     0     0
5     1     0     0     0     0     0     0.01230952     0.9051726     0.01018652     0     0     0.00552684     0.0541245     0.01268002     0     0     0     0     0
#Catch Data by District
#(catchData)
7597300     5289395     4246171
#Escapement Data by Stock
#(escData)
6644490     2356560     926112     1114008     1759776
#PARAMETERS TO BE ESTIMATED
#Number of Selectivity Parameters
#(NSELECTPAR)
5
#Selectivity to estimate for AGE GROUPS NOT GROUPS age groups are 1.2, 1.3, 2.2, 2.3 ect...
#1) Age Group, 2) phase, 3) StartValue, 4) min, 5) max
#(TempSelectivity)
1     1     0.100000000013091     0.0     10
2     1     0.100000000700845     0.0     10
3     1     0.100000001001625     0.0     10
4     1     0.100000001049411     0.0     10
5     1     5.100008286     0.0     10
#Number of Availability Parameters
#(NAVAILPAR)
15
#Availability to estimate for stocks in districts (i.e. Alagnak in Egegik District)
#1) Availability group, 2) phase, 3) StartValue, 4) min, 5) max
#(TempAvailability)
1     1     1.555265698     0.0     10
2     1     0.210762903     0.0     10
3     1     0.15556738006     0.0     10
4     1     1.551080198     0.0     10
5     1     0.2156152059     0.0     10
6     1     0.106979055374     0.0     10
7     1     1.884605268     0.0     10
8     1     0.4653524925     0.0     10
9     1     0.3701120062     0.0     10
10     1     0.2098824473     0.0     10
11     1     3.776609878     0.0     10
12     1     0.437151365     0.0     10
13     1     0.2991374424     0.0     10
14     1     0.8272838062     0.0     10
15     1     4.430954348     0.0     10
#Total run size of each group (thousands): group number, estimation phase [neg=ignore], startValue, min, max
#(TempRunSize)
1     -1     0     0     0
2     -1     0     0     0
3     -1     0     0     0
4     -1     0     0     0
5     -1     0     0     0
6     1     1.02425800092     0     5001
7     1     9276020.059     1855204.8118     46380096.295
8     1     1104707.379     220942.2758     5523532.895
9     1     1.000049266435     0     5001
10     -1     0     0     0
11     1     1.00000188199604     0     5001
12     1     679838.3693     135968.47386     3399187.8465
13     1     320731.3637     64147.07274     1603652.8185
14     1     5001.996282     1001.1992564     25005.98141
15     -1     0     0     0
16     1     63.98628635     13.59725727     5001
17     -1     0     0     0
18     -1     0     0     0
19     -1     0     0     0
20     -1     0     0     0
21     -1     0     0     0
22     -1     0     0     0
23     -1     0     0     0
24     1     1.04566502648     0     5001
25     1     3217550.722     643510.9444     16087749.61
26     1     513805.9469     102761.98938     2569025.7345
27     1     4380.30597     876.861194     21897.52985
28     -1     0     0     0
29     1     1.06508298897     0     5001
30     1     251084.8293     50217.76586     1255420.1465
31     1     11429.12355     2286.62471     57141.61775
32     1     1.00000678925526     0     5001
33     -1     0     0     0
34     1     1.00002313256253     0     5001
35     -1     0     0     0
36     -1     0     0     0
37     -1     0     0     0
38     -1     0     0     0
39     -1     0     0     0
40     -1     0     0     0
41     -1     0     0     0
42     1     618.2212836     124.44425672     3087.106418
43     1     1095778.698     219156.5396     5478889.49
44     1     867426.4146     173486.08292     4337128.073
45     1     38609.86864     7722.773728     193045.3432
46     -1     0     0     0
47     1     1.00002265569211     0     5001
48     1     342307.2727     68462.25454     1711532.3635
49     1     217756.3071     43552.06142     1088777.5355
50     1     1.2792693766     0     5001
51     -1     0     0     0
52     1     1.00000178937844     0     5001
53     -1     0     0     0
54     -1     0     0     0
55     -1     0     0     0
56     -1     0     0     0
57     -1     0     0     0
58     -1     0     0     0
59     -1     0     0     0
60     1     20683.91753     4137.583506     103415.58765
61     1     2586240.362     517248.8724     12931197.81
62     1     172496.1511     34500.03022     862476.7555
63     1     15928.25562     3186.451124     79637.2781
64     -1     0     0     0
65     1     97574.77591     19515.755182     487869.87955
66     1     1047473.66     209495.532     5237364.3
67     1     499575.1681     99915.83362     2497871.8405
68     1     8217.43698     1644.287396     41083.1849
69     -1     0     0     0
70     1     686.0446177     138.00892354     3426.2230885
71     -1     0     0     0
72     -1     0     0     0
73     -1     0     0     0
74     -1     0     0     0
75     -1     0     0     0
76     -1     0     0     0
77     -1     0     0     0
78     1     19505.82913     3901.965826     97525.14565
79     1     6692855.97     1338571.994     33464275.85
80     1     209310.2661     41862.85322     1046547.3305
81     1     3.692435292     1.5384870584     5001
82     -1     0     0     0
83     1     8736.415435     1748.083087     43678.077175
84     1     492406.1605     98482.0321     2462026.8025
85     1     260416.1887     52084.03774     1302076.9435
86     1     1664.44569     333.689138     8318.22845
87     -1     0     0     0
88     1     1.3999562814     0     5001
89     -1     0     0     0
90     -1     0     0     0
#GROUP CODES
#These relate the groups to the various parameters of interest that could vary or be fixed
#1) Group number, 2) DistrictID, 3) StreamID, 4) Selectivity pointer, 5) AgeComp group ID
#(groupCodes)
1     1     1     1     1
2     1     1     2     2
3     1     1     3     3
4     1     1     4     4
5     1     1     5     5
6     1     1     1     6
7     1     1     2     7
8     1     1     3     8
9     1     1     4     9
10     1     1     5     10
11     1     1     1     11
12     1     1     2     12
13     1     1     3     13
14     1     1     4     14
15     1     1     1     15
16     1     1     2     16
17     1     1     3     17
18     1     1     4     18
19     1     2     1     1
20     1     2     2     2
21     1     2     3     3
22     1     2     4     4
23     1     2     5     5
24     1     2     1     6
25     1     2     2     7
26     1     2     3     8
27     1     2     4     9
28     1     2     5     10
29     1     2     1     11
30     1     2     2     12
31     1     2     3     13
32     1     2     4     14
33     1     2     1     15
34     1     2     2     16
35     1     2     3     17
36     1     2     4     18
37     1     3     1     1
38     1     3     2     2
39     1     3     3     3
40     1     3     4     4
41     1     3     5     5
42     1     3     1     6
43     1     3     2     7
44     1     3     3     8
45     1     3     4     9
46     1     3     5     10
47     1     3     1     11
48     1     3     2     12
49     1     3     3     13
50     1     3     4     14
51     1     3     1     15
52     1     3     2     16
53     1     3     3     17
54     1     3     4     18
55     2     4     1     1
56     2     4     2     2
57     2     4     3     3
58     2     4     4     4
59     2     4     5     5
60     2     4     1     6
61     2     4     2     7
62     2     4     3     8
63     2     4     4     9
64     2     4     5     10
65     2     4     1     11
66     2     4     2     12
67     2     4     3     13
68     2     4     4     14
69     2     4     1     15
70     2     4     2     16
71     2     4     3     17
72     2     4     4     18
73     3     5     1     1
74     3     5     2     2
75     3     5     3     3
76     3     5     4     4
77     3     5     5     5
78     3     5     1     6
79     3     5     2     7
80     3     5     3     8
81     3     5     4     9
82     3     5     5     10
83     3     5     1     11
84     3     5     2     12
85     3     5     3     13
86     3     5     4     14
87     3     5     1     15
88     3     5     2     16
89     3     5     3     17
90     3     5     4     18
#Standard deviation for CATCH error distribution
#(temp_sigmaCat)
0.5
#Standard deviation for ESCAPEMENT error distribution
#(temp_sigmaEsc)
0.05
#Testing code to ensure data was read in correctly, DO NOT CHANGE
#(testCode)
12345
