#SYRAH Annual input file, version number:
2.0
#DATA is for the east side in 1983
#(year)
1983
#CONSTANTS THAT DETERMINE ARRAY BOUNDS
#Number of districts
#(NDISTRICTS)
3
#Number of groups
#(NGROUPS)
90
#Number of stocks
#(NSTOCKS)
5
#Number of age groups recorded: 
#(NAGECOMPS)
18
#Age group labels (must be numeric!)
#(AgeCompLabels)
0.1 0.2 0.3 0.4 0.5 1.1 1.2 1.3 1.4 1.5 2.1 2.2 2.3 2.4 3.1 3.2 3.3 3.4
#Flag for genetic data by district: 1 = Data available, -1 = Data Unavailable 
#(GENdata)
1 1 1
#Genetic fractions
#(GeneticFracData)
#1) District ID, 2) Sample Size, 3) Kvichank, 4) Alagnak, 5) Naknek, 6) Egegik, 7) Ugashik
1     321     0.7746     0.1047     0.1016     0.0048     0.0083
2     320     0.0053     5e-04     0.0048     0.9828     0.0027
3     265     0.0097     0.008     0.0148     0.1368     0.8228
#Age composition for CATCH data
#(AgeCompCATCH)
1     2380     0     0     4.561635e-05     0     0     0     0.775118     0.1101386     0.00143368     0     0.0008029644     0.09263308     0.01882405     0.001004004     0     0     0     0
2     2276     0     0     0     0     0     0     0.0920572     0.05808257     0.0008800592     0     0.0006505525     0.7671315     0.07448822     0     0     0.006709891     0     0
3     1070     0     0     0     0     0     0     0.6494168     0.1007989     0.003571873     0     0     0.2027729     0.04133019     0     0     0.001386258     0.000723088     0
#Age composition for ESCAPEMENT data
#(AgeCompESC)
1     2728     0     0     0     0     0     0.000308536     0.8732963     0.04257504     0     0     0.01503006     0.06398781     0.004802249     0     0     0     0     0
2     0     0     0     0     0     0     0     0.6011158     0.250188     0     0     0     0.1026919     0.0460043     0     0     0     0     0
3     1704     0     0     0     0     0     0.0007518076     0.4368095     0.2643153     0.02239981     0     0.005526195     0.19831     0.06783171     0.003153835     0     0     0.0009019166     0
4     1418     0     0     0     0     0     0.004832474     0.07652126     0.03017101     0.001524221     0     0.001629336     0.8076445     0.07070018     0     0     0.006977027     0     0
5     2090     0     0     0     0     0     0.0009550687     0.825338     0.05767681     6.864007e-05     0     0.008901903     0.07691274     0.03014685     0     0     0     0     0
#Catch Data by District
#(catchData)
21559372     6755256     3349451
#Escapement Data by Stock
#(escData)
3569982     245361     888294     792282     1001364
#PARAMETERS TO BE ESTIMATED
#Number of Selectivity Parameters
#(NSELECTPAR)
5
#Selectivity to estimate for AGE GROUPS NOT GROUPS age groups are 1.2, 1.3, 2.2, 2.3 ect...
#1) Age Group, 2) phase, 3) StartValue, 4) min, 5) max
#(TempSelectivity)
1     1     0.268584     0.0     10
2     1     1.4863     0.0     10
3     1     1.61391     0.0     10
4     1     1.57152     0.0     10
5     1     0.559672     0.0     10
#Number of Availability Parameters
#(NAVAILPAR)
15
#Availability to estimate for stocks in districts (i.e. Alagnak in Egegik District)
#1) Availability group, 2) phase, 3) StartValue, 4) min, 5) max
#(TempAvailability)
1     1     1.79679     0.0     10
2     1     0.10542768     0.0     10
3     1     0.10604639     0.0     10
4     1     2.227     0.0     10
5     1     0.10394579     0.0     10
6     1     0.1426304     0.0     10
7     1     1.21589     0.0     10
8     1     0.1300655     0.0     10
9     1     0.1643535     0.0     10
10     1     0.1119539     0.0     10
11     1     5.04603     0.0     10
12     1     0.342135     0.0     10
13     1     0.1483668     0.0     10
14     1     0.1145308     0.0     10
15     1     4.74483     0.0     10
#Total run size of each group (thousands): group number, estimation phase [neg=ignore], startValue, min, max
#(TempRunSize)
1     -1     0     0     38161362
2     -1     0     0     38161362
3     2     1.00000000635514     0     38161362
4     -1     0     0     38161362
5     -1     0     0     38161362
6     2     1310.9     0     38161362
7     2     17968001     0     38161362
8     2     1018851     0     38161362
9     2     1.00000000423676     0     38161362
10     -1     0     0     38161362
11     2     66420.3     0     38161362
12     2     1307331     0     38161362
13     2     116604     0     38161362
14     2     1.00000000847352     0     38161362
15     -1     0     0     38161362
16     2     1.00000000423676     0     38161362
17     2     1.00000000423676     0     38161362
18     -1     0     0     38161362
19     -1     0     0     38161362
20     -1     0     0     38161362
21     2     995.672     0     38161362
22     -1     0     0     38161362
23     -1     0     0     38161362
24     -1     0     0     38161362
25     2     914185     0     38161362
26     2     966359     0     38161362
27     2     1.0000000233022     0     38161362
28     -1     0     0     38161362
29     2     15876.4     0     38161362
30     2     490403     0     38161362
31     2     136450     0     38161362
32     2     14124.8     0     38161362
33     -1     0     0     38161362
34     2     1.00000000635514     0     38161362
35     2     1.00000000423676     0     38161362
36     -1     0     0     38161362
37     -1     0     0     38161362
38     -1     0     0     38161362
39     2     1.00000000423676     0     38161362
40     -1     0     0     38161362
41     -1     0     0     38161362
42     2     765.372     0     38161362
43     2     1320781     0     38161362
44     2     906777     0     38161362
45     2     71660.2     0     38161362
46     -1     0     0     38161362
47     2     5665.01     0     38161362
48     2     600024     0     38161362
49     2     232003     0     38161362
50     2     10225.3     0     38161362
51     -1     0     0     38161362
52     2     1.00000000423676     0     38161362
53     2     2807.71     0     38161362
54     -1     0     0     38161362
55     -1     0     0     38161362
56     -1     0     0     38161362
57     2     1.00000000423676     0     38161362
58     -1     0     0     38161362
59     -1     0     0     38161362
60     2     4856.42     0     38161362
61     2     629203     0     38161362
62     2     404011     0     38161362
63     2     11246.5     0     38161362
64     -1     0     0     38161362
65     2     2247.35     0     38161362
66     2     6310121     0     38161362
67     2     668297     0     38161362
68     2     1.00000000423676     0     38161362
69     -1     0     0     38161362
70     2     55936.3     0     38161362
71     2     1.00000000423676     0     38161362
72     -1     0     0     38161362
73     -1     0     0     38161362
74     -1     0     0     38161362
75     2     1.00000000423676     0     38161362
76     -1     0     0     38161362
77     -1     0     0     38161362
78     2     1030.75     0     38161362
79     2     3123301     0     38161362
80     2     319279     0     38161362
81     2     5511.02     0     38161362
82     -1     0     0     38161362
83     2     9610.95     0     38161362
84     2     324485     0     38161362
85     2     131749     0     38161362
86     2     1.00000000423676     0     38161362
87     -1     0     0     38161362
88     2     1.00000000423676     0     38161362
89     2     1581.59     0     38161362
90     -1     0     0     38161362
#GROUP CODES
#These relate the groups to the various parameters of interest that could vary or be fixed
#1) Group number, 2) DistrictID, 3) StreamID, 4) Selectivity pointer, 5) AgeComp group ID
#(groupCodes)
1     1     1     1     1
2     1     1     2     2
3     1     1     3     3
4     1     1     4     4
5     1     1     5     5
6     1     1     1     6
7     1     1     2     7
8     1     1     3     8
9     1     1     4     9
10     1     1     5     10
11     1     1     1     11
12     1     1     2     12
13     1     1     3     13
14     1     1     4     14
15     1     1     1     15
16     1     1     2     16
17     1     1     3     17
18     1     1     4     18
19     1     2     1     1
20     1     2     2     2
21     1     2     3     3
22     1     2     4     4
23     1     2     5     5
24     1     2     1     6
25     1     2     2     7
26     1     2     3     8
27     1     2     4     9
28     1     2     5     10
29     1     2     1     11
30     1     2     2     12
31     1     2     3     13
32     1     2     4     14
33     1     2     1     15
34     1     2     2     16
35     1     2     3     17
36     1     2     4     18
37     1     3     1     1
38     1     3     2     2
39     1     3     3     3
40     1     3     4     4
41     1     3     5     5
42     1     3     1     6
43     1     3     2     7
44     1     3     3     8
45     1     3     4     9
46     1     3     5     10
47     1     3     1     11
48     1     3     2     12
49     1     3     3     13
50     1     3     4     14
51     1     3     1     15
52     1     3     2     16
53     1     3     3     17
54     1     3     4     18
55     2     4     1     1
56     2     4     2     2
57     2     4     3     3
58     2     4     4     4
59     2     4     5     5
60     2     4     1     6
61     2     4     2     7
62     2     4     3     8
63     2     4     4     9
64     2     4     5     10
65     2     4     1     11
66     2     4     2     12
67     2     4     3     13
68     2     4     4     14
69     2     4     1     15
70     2     4     2     16
71     2     4     3     17
72     2     4     4     18
73     3     5     1     1
74     3     5     2     2
75     3     5     3     3
76     3     5     4     4
77     3     5     5     5
78     3     5     1     6
79     3     5     2     7
80     3     5     3     8
81     3     5     4     9
82     3     5     5     10
83     3     5     1     11
84     3     5     2     12
85     3     5     3     13
86     3     5     4     14
87     3     5     1     15
88     3     5     2     16
89     3     5     3     17
90     3     5     4     18
#Testing code to ensure data was read in correctly, DO NOT CHANGE
#(testCode)
12345
