#SYRAH Annual input file, version number:
2.0
#DATA is for the east side in 1971
#(year)
1971
#CONSTANTS THAT DETERMINE ARRAY BOUNDS
#Number of districts
#(NDISTRICTS)
3
#Number of groups
#(NGROUPS)
90
#Number of stocks
#(NSTOCKS)
5
#Number of age groups recorded: 
#(NAGECOMPS)
18
#Age group labels (must be numeric!)
#(AgeCompLabels)
0.1 0.2 0.3 0.4 0.5 1.1 1.2 1.3 1.4 1.5 2.1 2.2 2.3 2.4 3.1 3.2 3.3 3.4
#Flag for genetic data by district: 1 = Data available, -1 = Data Unavailable 
#(GENdata)
-1 -1 -1
#Genetic fractions
#(GeneticFracData)
#1) District ID, 2) Sample Size, 3) Kvichank, 4) Alagnak, 5) Naknek, 6) Egegik, 7) Ugashik
1     -1     0     0     0     0     0
2     -1     0     0     0     0     0
3     -1     0     0     0     0     0
#Age composition for CATCH data
#(AgeCompCATCH)
1     2760     0     0.0005645876     0.002976653     0     0     0     0.09325234     0.339985     0.0006655691     0     0.0009208512     0.4163909     0.1443791     0     0     0.0005381006     0.0003268436     0
2     2619     0     0     0.002457628     0     0     0     0.03069407     0.3668496     0.00102677     0     0     0.2440134     0.3516691     0     0     0.0004498374     0.002839545     0
3     1406     0     0     0     9.51192e-05     0     0     0.02767691     0.7834587     0.0005716718     0     0     0.09449827     0.09058752     0     0     0.002503912     0.0006079106     0
#Age composition for ESCAPEMENT data
#(AgeCompESC)
1     1909     0     0     0     0     0     0     0.05031397     0.1215011     0     0     0.000501405     0.6663993     0.1612842     0     0     0     0     0
2     574     0     0.0007375991     0.0007375991     0     0     0.02900582     0.5069061     0.395546     0.002807487     0     0.008048353     0.02592286     0.03028818     0     0     0     0     0
3     1165     0     0     0     0     0     0.002521727     0.1070852     0.6854955     0     0     0.002214907     0.06395918     0.1387235     0     0     0     0     0
4     564     0     0     0     0     0     0     0.03721749     0.2632136     0     0     0.000558117     0.3293234     0.3644082     0     0     0.004721028     0.000558117     0
5     755     0     0     0     0     0     0     0.08380368     0.8646767     0     0     0     0.01748471     0.03403488     0     0     0     0     0
#Catch Data by District
#(catchData)
5857378     1306682     954068
#Escapement Data by Stock
#(escData)
2387392     187302     935754     634014     529752
#PARAMETERS TO BE ESTIMATED
#Number of Selectivity Parameters
#(NSELECTPAR)
5
#Selectivity to estimate for AGE GROUPS NOT GROUPS age groups are 1.2, 1.3, 2.2, 2.3 ect...
#1) Age Group, 2) phase, 3) StartValue, 4) min, 5) max
#(TempSelectivity)
1     2     0.332761     0.0     10
2     2     0.835892     0.0     10
3     2     0.93789     0.0     10
4     2     1.74934     0.0     10
5     2     1.64412     0.0     10
#Number of Availability Parameters
#(NAVAILPAR)
15
#Availability to estimate for stocks in districts (i.e. Alagnak in Egegik District)
#1) Availability group, 2) phase, 3) StartValue, 4) min, 5) max
#(TempAvailability)
1     -1     1.4851545     0     10
2     -1     0.191421792857143     0     10
3     -1     0.0404720613056471     0     10
4     -1     1.4904055     0     10
5     -1     0.130699197857143     0     10
6     -1     0.0433718788068764     0     10
7     -1     1.82306835714286     0     10
8     -1     0.237020228571429     0     10
9     -1     0.0261694169676093     0     10
10     -1     0.146338452142857     0     10
11     -1     4.02709571428571     0     10
12     -1     0.23133515     0     10
13     -1     0.0550396453127114     0     10
14     -1     0.413765242857143     0     10
15     -1     4.65865     0     10
#Total run size of each group (thousands): group number, estimation phase [neg=ignore], startValue, min, max
#(TempRunSize)
1     -1     0     0     12792342
2     1     1541.71     0     12792342
3     1     12695.5     0     12792342
4     1     1.00000000355059     0     12792342
5     -1     0     0     12792342
6     -1     0     0     12792342
7     1     295372     0     12792342
8     1     762681     0     12792342
9     1     1.0000000184631     0     12792342
10     -1     0     0     12792342
11     1     1991.89     0     12792342
12     1     3936421     0     12792342
13     1     998205     0     12792342
14     -1     0     0     12792342
15     -1     0     0     12792342
16     1     1113.93     0     12792342
17     1     920.296     0     12792342
18     -1     0     0     12792342
19     -1     0     0     12792342
20     1     352.664     0     12792342
21     1     395.931     0     12792342
22     1     1.00000000142024     0     12792342
23     -1     0     0     12792342
24     1     6975.58     0     12792342
25     1     222968     0     12792342
26     1     196321     0     12792342
27     1     4708.16     0     12792342
28     -1     0     0     12792342
29     1     1992.44     0     12792342
30     1     11405.8     0     12792342
31     1     15013.8     0     12792342
32     -1     0     0     12792342
33     -1     0     0     12792342
34     1     1.00000000142024     0     12792342
35     1     1.00000000142024     0     12792342
36     -1     0     0     12792342
37     -1     0     0     12792342
38     1     1.00000000497082     0     12792342
39     1     1.00000000639106     0     12792342
40     1     1.00000000284047     0     12792342
41     -1     0     0     12792342
42     1     3043.48     0     12792342
43     1     300556     0     12792342
44     1     2195571     0     12792342
45     1     1.0000000220136     0     12792342
46     -1     0     0     12792342
47     1     3215.22     0     12792342
48     1     178750     0     12792342
49     1     439885     0     12792342
50     -1     0     0     12792342
51     -1     0     0     12792342
52     1     1.00000000426071     0     12792342
53     1     1.00000000568094     0     12792342
54     -1     0     0     12792342
55     -1     0     0     12792342
56     1     1.00000000142024     0     12792342
57     1     1635.19     0     12792342
58     1     1.00000000142024     0     12792342
59     -1     0     0     12792342
60     -1     0     0     12792342
61     1     48755.5     0     12792342
62     1     473289     0     12792342
63     1     1365.64     0     12792342
64     -1     0     0     12792342
65     1     406.633     0     12792342
66     1     484382     0     12792342
67     1     697445     0     12792342
68     -1     0     0     12792342
69     -1     0     0     12792342
70     1     5453.5     0     12792342
71     1     3677.23     0     12792342
72     -1     0     0     12792342
73     -1     0     0     12792342
74     1     1.00000000142024     0     12792342
75     1     1.00000000142024     0     12792342
76     1     101.245     0     12792342
77     -1     0     0     12792342
78     -1     0     0     12792342
79     1     83553.4     0     12792342
80     1     1324661     0     12792342
81     1     471.117     0     12792342
82     -1     0     0     12792342
83     1     1.00000000142024     0     12792342
84     1     35961.8     0     12792342
85     1     65134.4     0     12792342
86     -1     0     0     12792342
87     -1     0     0     12792342
88     1     1527.8     0     12792342
89     1     251.593     0     12792342
90     -1     0     0     12792342
#GROUP CODES
#These relate the groups to the various parameters of interest that could vary or be fixed
#1) Group number, 2) DistrictID, 3) StreamID, 4) Selectivity pointer, 5) AgeComp group ID
#(groupCodes)
1     1     1     1     1
2     1     1     2     2
3     1     1     3     3
4     1     1     4     4
5     1     1     5     5
6     1     1     1     6
7     1     1     2     7
8     1     1     3     8
9     1     1     4     9
10     1     1     5     10
11     1     1     1     11
12     1     1     2     12
13     1     1     3     13
14     1     1     4     14
15     1     1     1     15
16     1     1     2     16
17     1     1     3     17
18     1     1     4     18
19     1     2     1     1
20     1     2     2     2
21     1     2     3     3
22     1     2     4     4
23     1     2     5     5
24     1     2     1     6
25     1     2     2     7
26     1     2     3     8
27     1     2     4     9
28     1     2     5     10
29     1     2     1     11
30     1     2     2     12
31     1     2     3     13
32     1     2     4     14
33     1     2     1     15
34     1     2     2     16
35     1     2     3     17
36     1     2     4     18
37     1     3     1     1
38     1     3     2     2
39     1     3     3     3
40     1     3     4     4
41     1     3     5     5
42     1     3     1     6
43     1     3     2     7
44     1     3     3     8
45     1     3     4     9
46     1     3     5     10
47     1     3     1     11
48     1     3     2     12
49     1     3     3     13
50     1     3     4     14
51     1     3     1     15
52     1     3     2     16
53     1     3     3     17
54     1     3     4     18
55     2     4     1     1
56     2     4     2     2
57     2     4     3     3
58     2     4     4     4
59     2     4     5     5
60     2     4     1     6
61     2     4     2     7
62     2     4     3     8
63     2     4     4     9
64     2     4     5     10
65     2     4     1     11
66     2     4     2     12
67     2     4     3     13
68     2     4     4     14
69     2     4     1     15
70     2     4     2     16
71     2     4     3     17
72     2     4     4     18
73     3     5     1     1
74     3     5     2     2
75     3     5     3     3
76     3     5     4     4
77     3     5     5     5
78     3     5     1     6
79     3     5     2     7
80     3     5     3     8
81     3     5     4     9
82     3     5     5     10
83     3     5     1     11
84     3     5     2     12
85     3     5     3     13
86     3     5     4     14
87     3     5     1     15
88     3     5     2     16
89     3     5     3     17
90     3     5     4     18
#Testing code to ensure data was read in correctly, DO NOT CHANGE
#(testCode)
12345
