#SYRAH Annual input file, version number:
2.0
#DATA is for the east side in 1972
#(year)
1972
#CONSTANTS THAT DETERMINE ARRAY BOUNDS
#Number of districts
#(NDISTRICTS)
3
#Number of groups
#(NGROUPS)
90
#Number of stocks
#(NSTOCKS)
5
#Number of age groups recorded: 
#(NAGECOMPS)
18
#Age group labels (must be numeric!)
#(AgeCompLabels)
0.1 0.2 0.3 0.4 0.5 1.1 1.2 1.3 1.4 1.5 2.1 2.2 2.3 2.4 3.1 3.2 3.3 3.4
#Flag for genetic data by district: 1 = Data available, -1 = Data Unavailable 
#(GENdata)
-1 -1 -1
#Genetic fractions
#(GeneticFracData)
#1) District ID, 2) Sample Size, 3) Kvichank, 4) Alagnak, 5) Naknek, 6) Egegik, 7) Ugashik
1     -1     0     0     0     0     0
2     -1     0     0     0     0     0
3     -1     0     0     0     0     0
#Age composition for CATCH data
#(AgeCompCATCH)
1     934     0     0     0     0.0007560979     0     0     0.07015971     0.2359677     0     0     0     0.3150328     0.3771368     0     0     0     0.0009468546     0
2     1400     0     0     0.001272545     0     0     0     0.02646251     0.1581396     0.001131596     0     0     0.2934303     0.4875622     0.001316998     0     0.01100062     0.01968369     0
3     617     0     0     0     0     0     0.002314815     0.094039     0.3041392     0.002795815     0     0     0.3862301     0.2104811     0     0     0     0     0
#Age composition for ESCAPEMENT data
#(AgeCompESC)
1     635     0     0     0     0     0     0     0.1747011     0.1445541     0     0     0     0.4858521     0.1948927     0     0     0     0     0
2     240     0     0     0     0     0     0     0.6256255     0.151789     0     0     0     0.1975759     0.02500964     0     0     0     0     0
3     1475     0     0     0     0     0     0     0.1117459     0.3485306     0.002333595     0     0     0.257101     0.2802889     0     0     0     0     0
4     970     0     0     0     0     0     0     0.01237453     0.08039447     0     0     0     0.5108346     0.3869891     0     0     0.001207983     0.008199323     0
5     672     0     0     0     0     0     0     0.1237641     0.4221673     0.0009280365     0     0     0.3015389     0.1516017     0     0     0     0     0
#Catch Data by District
#(catchData)
1102365     839820     17440
#Escapement Data by Stock
#(escData)
1009962     151188     586518     546402     79428
#PARAMETERS TO BE ESTIMATED
#Number of Selectivity Parameters
#(NSELECTPAR)
5
#Selectivity to estimate for AGE GROUPS NOT GROUPS age groups are 1.2, 1.3, 2.2, 2.3 ect...
#1) Age Group, 2) phase, 3) StartValue, 4) min, 5) max
#(TempSelectivity)
1     1     0.1111591     0.0     10
2     1     0.10132637     0.0     10
3     1     0.10180793     0.0     10
4     1     0.10288432     0.0     10
5     1     5.08282     0.0     10
#Number of Availability Parameters
#(NAVAILPAR)
15
#Availability to estimate for stocks in districts (i.e. Alagnak in Egegik District)
#1) Availability group, 2) phase, 3) StartValue, 4) min, 5) max
#(TempAvailability)
1     -1     1.4851545     0     10
2     -1     0.191421792857143     0     10
3     -1     0.0404720613056471     0     10
4     -1     1.4904055     0     10
5     -1     0.130699197857143     0     10
6     -1     0.0433718788068764     0     10
7     -1     1.82306835714286     0     10
8     -1     0.237020228571429     0     10
9     -1     0.0261694169676093     0     10
10     -1     0.146338452142857     0     10
11     -1     4.02709571428571     0     10
12     -1     0.23133515     0     10
13     -1     0.0550396453127114     0     10
14     -1     0.413765242857143     0     10
15     -1     4.65865     0     10
#Total run size of each group (thousands): group number, estimation phase [neg=ignore], startValue, min, max
#(TempRunSize)
1     -1     0     0     4333123
2     -1     0     0     4333123
3     1     1.0000000026459     0     4333123
4     1     743.12     0     4333123
5     -1     0     0     4333123
6     1     1.00000000240537     0     4333123
7     1     233594     0     4333123
8     1     245155     0     4333123
9     1     1.00000000288644     0     4333123
10     -1     0     0     4333123
11     -1     0     0     4333123
12     1     764660     0     4333123
13     1     394950     0     4333123
14     1     1.00000000240537     0     4333123
15     -1     0     0     4333123
16     1     1.00000000240537     0     4333123
17     1     1.00000000553234     0     4333123
18     -1     0     0     4333123
19     -1     0     0     4333123
20     -1     0     0     4333123
21     1     1.00000000048107     0     4333123
22     1     1.00000000072161     0     4333123
23     -1     0     0     4333123
24     1     1.000000217445     0     4333123
25     1     103706     0     4333123
26     1     29243.6     0     4333123
27     1     1.00000000048107     0     4333123
28     -1     0     0     4333123
29     -1     0     0     4333123
30     1     33389.7     0     4333123
31     1     4910.86     0     4333123
32     1     1.00000000048107     0     4333123
33     -1     0     0     4333123
34     1     1.00000000048107     0     4333123
35     1     1.00000000048107     0     4333123
36     -1     0     0     4333123
37     -1     0     0     4333123
38     -1     0     0     4333123
39     1     1.00000000192429     0     4333123
40     1     1.000000205899     0     4333123
41     -1     0     0     4333123
42     1     1.00000000240537     0     4333123
43     1     104621     0     4333123
44     1     425903     0     4333123
45     1     2365.15     0     4333123
46     -1     0     0     4333123
47     -1     0     0     4333123
48     1     274247     0     4333123
49     1     398898     0     4333123
50     1     1.00000000216483     0     4333123
51     -1     0     0     4333123
52     1     1.00000000192429     0     4333123
53     1     1.00000000384859     0     4333123
54     -1     0     0     4333123
55     -1     0     0     4333123
56     -1     0     0     4333123
57     1     732.045     0     4333123
58     1     1.00000000144322     0     4333123
59     -1     0     0     4333123
60     1     1.00000000336751     0     4333123
61     1     13189.5     0     4333123
62     1     126457     0     4333123
63     1     671.809     0     4333123
64     -1     0     0     4333123
65     -1     0     0     4333123
66     1     508083     0     4333123
67     1     554095     0     4333123
68     1     770.461     0     4333123
69     -1     0     0     4333123
70     1     6828.88     0     4333123
71     1     16563     0     4333123
72     -1     0     0     4333123
73     -1     0     0     4333123
74     -1     0     0     4333123
75     1     1.00000000048107     0     4333123
76     1     1.00000000048107     0     4333123
77     -1     0     0     4333123
78     1     89.958     0     4333123
79     1     16738.5     0     4333123
80     1     52997.9     0     4333123
81     1     222.609     0     4333123
82     -1     0     0     4333123
83     -1     0     0     4333123
84     1     43521.3     0     4333123
85     1     17525.9     0     4333123
86     1     1.00000000048107     0     4333123
87     -1     0     0     4333123
88     1     1.00000000048107     0     4333123
89     1     1.00000000048107     0     4333123
90     -1     0     0     4333123
#GROUP CODES
#These relate the groups to the various parameters of interest that could vary or be fixed
#1) Group number, 2) DistrictID, 3) StreamID, 4) Selectivity pointer, 5) AgeComp group ID
#(groupCodes)
1     1     1     1     1
2     1     1     2     2
3     1     1     3     3
4     1     1     4     4
5     1     1     5     5
6     1     1     1     6
7     1     1     2     7
8     1     1     3     8
9     1     1     4     9
10     1     1     5     10
11     1     1     1     11
12     1     1     2     12
13     1     1     3     13
14     1     1     4     14
15     1     1     1     15
16     1     1     2     16
17     1     1     3     17
18     1     1     4     18
19     1     2     1     1
20     1     2     2     2
21     1     2     3     3
22     1     2     4     4
23     1     2     5     5
24     1     2     1     6
25     1     2     2     7
26     1     2     3     8
27     1     2     4     9
28     1     2     5     10
29     1     2     1     11
30     1     2     2     12
31     1     2     3     13
32     1     2     4     14
33     1     2     1     15
34     1     2     2     16
35     1     2     3     17
36     1     2     4     18
37     1     3     1     1
38     1     3     2     2
39     1     3     3     3
40     1     3     4     4
41     1     3     5     5
42     1     3     1     6
43     1     3     2     7
44     1     3     3     8
45     1     3     4     9
46     1     3     5     10
47     1     3     1     11
48     1     3     2     12
49     1     3     3     13
50     1     3     4     14
51     1     3     1     15
52     1     3     2     16
53     1     3     3     17
54     1     3     4     18
55     2     4     1     1
56     2     4     2     2
57     2     4     3     3
58     2     4     4     4
59     2     4     5     5
60     2     4     1     6
61     2     4     2     7
62     2     4     3     8
63     2     4     4     9
64     2     4     5     10
65     2     4     1     11
66     2     4     2     12
67     2     4     3     13
68     2     4     4     14
69     2     4     1     15
70     2     4     2     16
71     2     4     3     17
72     2     4     4     18
73     3     5     1     1
74     3     5     2     2
75     3     5     3     3
76     3     5     4     4
77     3     5     5     5
78     3     5     1     6
79     3     5     2     7
80     3     5     3     8
81     3     5     4     9
82     3     5     5     10
83     3     5     1     11
84     3     5     2     12
85     3     5     3     13
86     3     5     4     14
87     3     5     1     15
88     3     5     2     16
89     3     5     3     17
90     3     5     4     18
#Testing code to ensure data was read in correctly, DO NOT CHANGE
#(testCode)
12345
