#SYRAH Annual input file, version number:
2.0
#DATA is for the east side in 1992
#(year)
1992
#CONSTANTS THAT DETERMINE ARRAY BOUNDS
#Number of districts
#(NDISTRICTS)
3
#Number of groups
#(NGROUPS)
90
#Number of stocks
#(NSTOCKS)
5
#Number of age groups recorded: 
#(NAGECOMPS)
18
#Age group labels (must be numeric!)
#(AgeCompLabels)
0.1 0.2 0.3 0.4 0.5 1.1 1.2 1.3 1.4 1.5 2.1 2.2 2.3 2.4 3.1 3.2 3.3 3.4
#Flag for genetic data by district: 1 = Data available, -1 = Data Unavailable 
#(GENdata)
-1 -1 -1
#Genetic fractions
#(GeneticFracData)
#1) District ID, 2) Sample Size, 3) Kvichank, 4) Alagnak, 5) Naknek, 6) Egegik, 7) Ugashik
1     -1     0     0     0     0     0
2     -1     0     0     0     0     0
3     -1     0     0     0     0     0
#Age composition for CATCH data
#(AgeCompCATCH)
1     12797     0     0.0002022402     0.0007101391     0.0001038305     0     0     0.1100355     0.2809761     0.03424393     0     0.0005113444     0.2316116     0.3381607     0.002499105     0     0.0001359049     0.0008096172     0
2     6544     0     8.541936e-05     0     0     0     0     0.02985976     0.223873     0.006046355     0     0.007397816     0.5073795     0.2201252     0     0     0.004339007     0.000893955     0
3     2477     0     0     0.001900783     0     0     0     0.05061917     0.3002709     0.01680578     0     0     0.31339     0.3142257     0.00168448     0     0.001103073     0     0
#Age composition for ESCAPEMENT data
#(AgeCompESC)
1     3034     0     0.004268529     0.002491626     0.0007835074     0     0.0005443967     0.325561     0.1578778     0.001380709     0     0.00272495     0.4310686     0.07254251     0.0006797383     0     0     7.665275e-05     0
2     0     0     0     0     0     0     0     0.6011158     0.250188     0     0     0     0.1026919     0.0460043     0     0     0     0     0
3     1692     0     0     0     0.0006337136     0     0.0005109009     0.08994107     0.2253222     0.06121041     0     0.0131763     0.1516707     0.4498333     0.006152121     0     0     0.001549275     0
4     3201     0     0     0.0001926398     0     0     0     0.02315432     0.1691924     0.0008681476     0     0.02125831     0.6010284     0.1752703     0     0.001495235     0.007313293     0.000227071     0
5     2644     0     0.001106023     0.000437801     0     0     0.002162051     0.0966069     0.2519714     0.005060811     0     0.01201002     0.3598069     0.2705499     0     0     0.0002882841     0     0
#Catch Data by District
#(catchData)
9137080     15646575     3320966
#Escapement Data by Stock
#(escData)
4725864     577939.7     1606650     1945632     2194927
#PARAMETERS TO BE ESTIMATED
#Number of Selectivity Parameters
#(NSELECTPAR)
5
#Selectivity to estimate for AGE GROUPS NOT GROUPS age groups are 1.2, 1.3, 2.2, 2.3 ect...
#1) Age Group, 2) phase, 3) StartValue, 4) min, 5) max
#(TempSelectivity)
1     2     0.421352     0.0     10
2     2     0.85892     0.0     10
3     2     0.993751     0.0     10
4     2     1.13194     0.0     10
5     2     2.09404     0.0     10
#Number of Availability Parameters
#(NAVAILPAR)
15
#Availability to estimate for stocks in districts (i.e. Alagnak in Egegik District)
#1) Availability group, 2) phase, 3) StartValue, 4) min, 5) max
#(TempAvailability)
1     -1     1.4851545     0     10
2     -1     0.191421792857143     0     10
3     -1     0.0404720613056471     0     10
4     -1     1.4904055     0     10
5     -1     0.130699197857143     0     10
6     -1     0.0433718788068764     0     10
7     -1     1.82306835714286     0     10
8     -1     0.237020228571429     0     10
9     -1     0.0261694169676093     0     10
10     -1     0.146338452142857     0     10
11     -1     4.02709571428571     0     10
12     -1     0.23133515     0     10
13     -1     0.0550396453127114     0     10
14     -1     0.413765242857143     0     10
15     -1     4.65865     0     10
#Total run size of each group (thousands): group number, estimation phase [neg=ignore], startValue, min, max
#(TempRunSize)
1     -1     0     0     39155633.65
2     1     21151.9     0     39155633.65
3     1     16242.6     0     39155633.65
4     1     4572.97     0     39155633.65
5     -1     0     0     39155633.65
6     1     1961.43     0     39155633.65
7     1     1960311     0     39155633.65
8     1     1210311     0     39155633.65
9     1     11736.4     0     39155633.65
10     -1     0     0     39155633.65
11     1     10223     0     39155633.65
12     1     2674351     0     39155633.65
13     1     555914     0     39155633.65
14     1     5078.47     0     39155633.65
15     -1     0     0     39155633.65
16     1     1.00000000434715     0     39155633.65
17     1     575.811     0     39155633.65
18     -1     0     0     39155633.65
19     -1     0     0     39155633.65
20     1     1.00000000652072     0     39155633.65
21     1     1.0000000130414     0     39155633.65
22     1     1.00000000434715     0     39155633.65
23     -1     0     0     39155633.65
24     -1     0     0     39155633.65
25     1     1.0000000195622     0     39155633.65
26     1     929011     0     39155633.65
27     1     1.0000000173886     0     39155633.65
28     -1     0     0     39155633.65
29     1     1.0000000108679     0     39155633.65
30     1     1.0000000260829     0     39155633.65
31     1     729492     0     39155633.65
32     1     1.0000000108679     0     39155633.65
33     -1     0     0     39155633.65
34     1     1.00000000652072     0     39155633.65
35     1     1.000000071728     0     39155633.65
36     -1     0     0     39155633.65
37     -1     0     0     39155633.65
38     1     1.00000000434715     0     39155633.65
39     1     1.00000000434715     0     39155633.65
40     1     3469.2     0     39155633.65
41     -1     0     0     39155633.65
42     1     1398.83     0     39155633.65
43     1     462604     0     39155633.65
44     1     1555031     0     39155633.65
45     1     498382     0     39155633.65
46     -1     0     0     39155633.65
47     1     37424.4     0     39155633.65
48     1     802904     0     39155633.65
49     1     3103121     0     39155633.65
50     1     43291.3     0     39155633.65
51     -1     0     0     39155633.65
52     1     1.00000000434715     0     39155633.65
53     1     10534.9     0     39155633.65
54     -1     0     0     39155633.65
55     -1     0     0     39155633.65
56     1     1.00000000434715     0     39155633.65
57     1     2261.03     0     39155633.65
58     1     1.00000000434715     0     39155633.65
59     -1     0     0     39155633.65
60     -1     0     0     39155633.65
61     1     332454     0     39155633.65
62     1     4047331     0     39155633.65
63     1     48514.6     0     39155633.65
64     -1     0     0     39155633.65
65     1     115898     0     39155633.65
66     1     9303591     0     39155633.65
67     1     4021301     0     39155633.65
68     1     1.00000000434715     0     39155633.65
69     1     6122.35     0     39155633.65
70     1     97346     0     39155633.65
71     1     10221.5     0     39155633.65
72     -1     0     0     39155633.65
73     -1     0     0     39155633.65
74     1     3331.15     0     39155633.65
75     1     7105.46     0     39155633.65
76     1     1.00000000434715     0     39155633.65
77     -1     0     0     39155633.65
78     1     5233.29     0     39155633.65
79     1     433198     0     39155633.65
80     1     1645101     0     39155633.65
81     1     70622.6     0     39155633.65
82     -1     0     0     39155633.65
83     1     29652.8     0     39155633.65
84     1     1805641     0     39155633.65
85     1     1750501     0     39155633.65
86     1     5256.65     0     39155633.65
87     -1     0     0     39155633.65
88     1     1525.68     0     39155633.65
89     1     1.00000000434715     0     39155633.65
90     -1     0     0     39155633.65
#GROUP CODES
#These relate the groups to the various parameters of interest that could vary or be fixed
#1) Group number, 2) DistrictID, 3) StreamID, 4) Selectivity pointer, 5) AgeComp group ID
#(groupCodes)
1     1     1     1     1
2     1     1     2     2
3     1     1     3     3
4     1     1     4     4
5     1     1     5     5
6     1     1     1     6
7     1     1     2     7
8     1     1     3     8
9     1     1     4     9
10     1     1     5     10
11     1     1     1     11
12     1     1     2     12
13     1     1     3     13
14     1     1     4     14
15     1     1     1     15
16     1     1     2     16
17     1     1     3     17
18     1     1     4     18
19     1     2     1     1
20     1     2     2     2
21     1     2     3     3
22     1     2     4     4
23     1     2     5     5
24     1     2     1     6
25     1     2     2     7
26     1     2     3     8
27     1     2     4     9
28     1     2     5     10
29     1     2     1     11
30     1     2     2     12
31     1     2     3     13
32     1     2     4     14
33     1     2     1     15
34     1     2     2     16
35     1     2     3     17
36     1     2     4     18
37     1     3     1     1
38     1     3     2     2
39     1     3     3     3
40     1     3     4     4
41     1     3     5     5
42     1     3     1     6
43     1     3     2     7
44     1     3     3     8
45     1     3     4     9
46     1     3     5     10
47     1     3     1     11
48     1     3     2     12
49     1     3     3     13
50     1     3     4     14
51     1     3     1     15
52     1     3     2     16
53     1     3     3     17
54     1     3     4     18
55     2     4     1     1
56     2     4     2     2
57     2     4     3     3
58     2     4     4     4
59     2     4     5     5
60     2     4     1     6
61     2     4     2     7
62     2     4     3     8
63     2     4     4     9
64     2     4     5     10
65     2     4     1     11
66     2     4     2     12
67     2     4     3     13
68     2     4     4     14
69     2     4     1     15
70     2     4     2     16
71     2     4     3     17
72     2     4     4     18
73     3     5     1     1
74     3     5     2     2
75     3     5     3     3
76     3     5     4     4
77     3     5     5     5
78     3     5     1     6
79     3     5     2     7
80     3     5     3     8
81     3     5     4     9
82     3     5     5     10
83     3     5     1     11
84     3     5     2     12
85     3     5     3     13
86     3     5     4     14
87     3     5     1     15
88     3     5     2     16
89     3     5     3     17
90     3     5     4     18
#Testing code to ensure data was read in correctly, DO NOT CHANGE
#(testCode)
12345
