#SYRAH Annual input file, version number:
2.0
#DATA is for the east side in 1989
#(year)
1989
#CONSTANTS THAT DETERMINE ARRAY BOUNDS
#Number of districts
#(NDISTRICTS)
3
#Number of groups
#(NGROUPS)
90
#Number of stocks
#(NSTOCKS)
5
#Number of age groups recorded: 
#(NAGECOMPS)
18
#Age group labels (must be numeric!)
#(AgeCompLabels)
0.1 0.2 0.3 0.4 0.5 1.1 1.2 1.3 1.4 1.5 2.1 2.2 2.3 2.4 3.1 3.2 3.3 3.4
#Flag for genetic data by district: 1 = Data available, -1 = Data Unavailable 
#(GENdata)
-1 -1 -1
#Genetic fractions
#(GeneticFracData)
#1) District ID, 2) Sample Size, 3) Kvichank, 4) Alagnak, 5) Naknek, 6) Egegik, 7) Ugashik
1     -1     0     0     0     0     0
2     -1     0     0     0     0     0
3     -1     0     0     0     0     0
#Age composition for CATCH data
#(AgeCompCATCH)
1     9757     0     4.313208e-05     0.001612891     8.487511e-05     0     0.0001126364     0.08935952     0.1519507     0.0002362259     0     0.0003130577     0.7008373     0.05512062     0.0003290702     0     0     0     0
2     9235     0     0     0.0007479752     0     0     5.597918e-05     0.06243287     0.08050533     0.0006349027     5.578071e-05     0.0004170338     0.5943298     0.2588372     4.398293e-05     7.276101e-05     0.001810605     5.578071e-05     0
3     4160     0     0.0004796114     0.001690007     0     0     0     0.07633948     0.1142278     0.001052748     0     0     0.7257105     0.07937635     0.000574326     0     0.0005491652     0     0
#Age composition for ESCAPEMENT data
#(AgeCompESC)
1     3007     0     0.0001069186     0.0002645076     0     0     0     0.04536783     0.06058503     0.0002351612     0     0.003733476     0.8733738     0.01633328     0     0     0     0     0
2     0     0     0     0     0     0     0     0.6011158     0.250188     0     0     0     0.1026919     0.0460043     0     0     0     0     0
3     1732     0     0     0.0003897531     0     0     0.005180309     0.2224332     0.2139819     0.001185304     0     0.02153301     0.4349881     0.09887994     0.00142853     0     0     0     0
4     2744     0     0     0     0     0     0.0007085187     0.04084857     0.05948293     0.0002057484     0     0.01770668     0.535     0.3443676     0     0.0009385152     0.000601233     0.0001401654     0
5     3712     0     0.001352691     0.001252053     0     0     0.0002959661     0.150879     0.1047099     0     0     0.0005467869     0.7030147     0.0376991     0.0002497286     0     0     0     0
#Catch Data by District
#(catchData)
12928107     8901994     3146239
#Escapement Data by Stock
#(escData)
8317500     501738     1161984     1611566     1713287
#PARAMETERS TO BE ESTIMATED
#Number of Selectivity Parameters
#(NSELECTPAR)
5
#Selectivity to estimate for AGE GROUPS NOT GROUPS age groups are 1.2, 1.3, 2.2, 2.3 ect...
#1) Age Group, 2) phase, 3) StartValue, 4) min, 5) max
#(TempSelectivity)
1     1     0.1927225     0.0     10
2     1     1.11418     0.0     10
3     1     1.14734     0.0     10
4     1     1.4442     0.0     10
5     1     1.6016     0.0     10
#Number of Availability Parameters
#(NAVAILPAR)
15
#Availability to estimate for stocks in districts (i.e. Alagnak in Egegik District)
#1) Availability group, 2) phase, 3) StartValue, 4) min, 5) max
#(TempAvailability)
1     -1     1.4851545     0     10
2     -1     0.191421792857143     0     10
3     -1     0.0404720613056471     0     10
4     -1     1.4904055     0     10
5     -1     0.130699197857143     0     10
6     -1     0.0433718788068764     0     10
7     -1     1.82306835714286     0     10
8     -1     0.237020228571429     0     10
9     -1     0.0261694169676093     0     10
10     -1     0.146338452142857     0     10
11     -1     4.02709571428571     0     10
12     -1     0.23133515     0     10
13     -1     0.0550396453127114     0     10
14     -1     0.413765242857143     0     10
15     -1     4.65865     0     10
#Total run size of each group (thousands): group number, estimation phase [neg=ignore], startValue, min, max
#(TempRunSize)
1     -1     0     0     38282415
2     1     1465.78     0     38282415
3     1     6256.51     0     38282415
4     1     1.0610671     0     38282415
5     -1     0     0     38282415
6     1     1.0136167     0     38282415
7     1     979797     0     38282415
8     1     1345901     0     38282415
9     1     3809.17     0     38282415
10     1     1.00612878     0     38282415
11     1     33211.7     0     38282415
12     1     16339601     0     38282415
13     1     360906     0     38282415
14     1     1.105273     0     38282415
15     1     1.00383689     0     38282415
16     1     1.0313469     0     38282415
17     1     1.0000289375     0     38282415
18     -1     0     0     38282415
19     -1     0     0     38282415
20     1     1.563703     0     38282415
21     1     32850     0     38282415
22     1     1431.86     0     38282415
23     -1     0     0     38282415
24     1     4.70791     0     38282415
25     1     78947.5     0     38282415
26     1     1046271     0     38282415
27     1     1.435147     0     38282415
28     1     1.0156156     0     38282415
29     1     12.3757     0     38282415
30     1     11.6481     0     38282415
31     1     332.261     0     38282415
32     1     3.30384     0     38282415
33     1     1.026202     0     38282415
34     1     1.303649     0     38282415
35     1     1.0896567     0     38282415
36     -1     0     0     38282415
37     -1     0     0     38282415
38     1     1.00172135     0     38282415
39     1     1411.09     0     38282415
40     1     1.00144495     0     38282415
41     -1     0     0     38282415
42     1     6668.1     0     38282415
43     1     763909     0     38282415
44     1     764807     0     38282415
45     1     5457.67     0     38282415
46     1     1.00139599     0     38282415
47     1     27266.9     0     38282415
48     1     1450941     0     38282415
49     1     353000     0     38282415
50     1     7072.14     0     38282415
51     1     1.000296188     0     38282415
52     1     1.00153174     0     38282415
53     1     1.00143272     0     38282415
54     -1     0     0     38282415
55     -1     0     0     38282415
56     1     1.00733134     0     38282415
57     1     55.7127     0     38282415
58     1     1.0253093     0     38282415
59     -1     0     0     38282415
60     1     1345.66     0     38282415
61     1     408839     0     38282415
62     1     612771     0     38282415
63     1     6083.41     0     38282415
64     1     467.862     0     38282415
65     1     32330.7     0     38282415
66     1     5035831     0     38282415
67     1     3302401     0     38282415
68     1     1.0545375     0     38282415
69     1     1807.7     0     38282415
70     1     13180.8     0     38282415
71     1     989.3     0     38282415
72     -1     0     0     38282415
73     -1     0     0     38282415
74     1     4899.87     0     38282415
75     1     8462.77     0     38282415
76     1     1.00219421     0     38282415
77     -1     0     0     38282415
78     1     533.721     0     38282415
79     1     621114     0     38282415
80     1     581306     0     38282415
81     1     2846.14     0     38282415
82     1     1.00100773     0     38282415
83     1     981.359     0     38282415
84     1     3715911     0     38282415
85     1     212475     0     38282415
86     1     2552.55     0     38282415
87     1     1.000503105     0     38282415
88     1     657.719     0     38282415
89     1     1.00137441     0     38282415
90     -1     0     0     38282415
#GROUP CODES
#These relate the groups to the various parameters of interest that could vary or be fixed
#1) Group number, 2) DistrictID, 3) StreamID, 4) Selectivity pointer, 5) AgeComp group ID
#(groupCodes)
1     1     1     1     1
2     1     1     2     2
3     1     1     3     3
4     1     1     4     4
5     1     1     5     5
6     1     1     1     6
7     1     1     2     7
8     1     1     3     8
9     1     1     4     9
10     1     1     5     10
11     1     1     1     11
12     1     1     2     12
13     1     1     3     13
14     1     1     4     14
15     1     1     1     15
16     1     1     2     16
17     1     1     3     17
18     1     1     4     18
19     1     2     1     1
20     1     2     2     2
21     1     2     3     3
22     1     2     4     4
23     1     2     5     5
24     1     2     1     6
25     1     2     2     7
26     1     2     3     8
27     1     2     4     9
28     1     2     5     10
29     1     2     1     11
30     1     2     2     12
31     1     2     3     13
32     1     2     4     14
33     1     2     1     15
34     1     2     2     16
35     1     2     3     17
36     1     2     4     18
37     1     3     1     1
38     1     3     2     2
39     1     3     3     3
40     1     3     4     4
41     1     3     5     5
42     1     3     1     6
43     1     3     2     7
44     1     3     3     8
45     1     3     4     9
46     1     3     5     10
47     1     3     1     11
48     1     3     2     12
49     1     3     3     13
50     1     3     4     14
51     1     3     1     15
52     1     3     2     16
53     1     3     3     17
54     1     3     4     18
55     2     4     1     1
56     2     4     2     2
57     2     4     3     3
58     2     4     4     4
59     2     4     5     5
60     2     4     1     6
61     2     4     2     7
62     2     4     3     8
63     2     4     4     9
64     2     4     5     10
65     2     4     1     11
66     2     4     2     12
67     2     4     3     13
68     2     4     4     14
69     2     4     1     15
70     2     4     2     16
71     2     4     3     17
72     2     4     4     18
73     3     5     1     1
74     3     5     2     2
75     3     5     3     3
76     3     5     4     4
77     3     5     5     5
78     3     5     1     6
79     3     5     2     7
80     3     5     3     8
81     3     5     4     9
82     3     5     5     10
83     3     5     1     11
84     3     5     2     12
85     3     5     3     13
86     3     5     4     14
87     3     5     1     15
88     3     5     2     16
89     3     5     3     17
90     3     5     4     18
#Testing code to ensure data was read in correctly, DO NOT CHANGE
#(testCode)
12345
