#SYRAH Annual input file, version number:
2.0
#DATA is for the east side in 1999
#(year)
1999
#CONSTANTS THAT DETERMINE ARRAY BOUNDS
#Number of districts
#(NDISTRICTS)
3
#Number of groups
#(NGROUPS)
90
#Number of stocks
#(NSTOCKS)
5
#Number of age groups recorded: 
#(NAGECOMPS)
18
#Age group labels (must be numeric!)
#(AgeCompLabels)
0.1 0.2 0.3 0.4 0.5 1.1 1.2 1.3 1.4 1.5 2.1 2.2 2.3 2.4 3.1 3.2 3.3 3.4
#Flag for genetic data by district: 1 = Data available, -1 = Data Unavailable 
#(GENdata)
1 1 1
#Genetic fractions
#(GeneticFracData)
#1) District ID, 2) Sample Size, 3) Kvichank, 4) Alagnak, 5) Naknek, 6) Egegik, 7) Ugashik
1     328     0.5434     0.1544     0.1973     0.0203     0.0789
2     330     0.1789     0.0379     0.1236     0.5219     0.1139
3     337     0.0332     6e-04     0.0074     0.1022     0.8315
#Age composition for CATCH data
#(AgeCompCATCH)
1     3225     0     0     0     0     0     0     0.5545474     0.1334832     0.001444794     0     0     0.2232731     0.08641157     0.0008400486     0     0     0     0
2     3626     0     0     0     0     0     0     0.350122     0.11226     0.001633871     0     0     0.421635     0.1112728     0.001627594     0     0.0003309494     0.001117856     0
3     2498     0     0     0     0     0     0     0.6129628     0.09526089     0.006911138     0     9.728573e-05     0.2197842     0.06105942     0.00268373     0     0     0.001240535     0
#Age composition for ESCAPEMENT data
#(AgeCompESC)
1     2380     0     0     0     0     0     0     0.6151319     0.06944463     0.0003572828     0     0     0.286128     0.02893819     0     0     0     0     0
2     104     0     0     0     0     0     0     0.7141312     0.1981392     0     0     0     0     0.08772961     0     0     0     0     0
3     1890     0     0     0     0     0     0.0007036824     0.5698435     0.1341479     0.004551698     0     0.0002537059     0.1628766     0.1276229     0     0     0     0     0
4     1477     0     0     0     0     0     0.0001783769     0.2637929     0.05944437     0     0     0.001397943     0.5983668     0.07286521     0.001221017     0     0     0.00273333     0
5     1411     0     0     0     0     0     0     0.7882782     0.08076043     0.002577995     0     0     0.09105915     0.03146647     0.005857744     0     0     0     0
#Catch Data by District
#(catchData)
8667582     7388080     2256007
#Escapement Data by Stock
#(escData)
6196914     1182180     1625364     1728397     1662042
#PARAMETERS TO BE ESTIMATED
#Number of Selectivity Parameters
#(NSELECTPAR)
5
#Selectivity to estimate for AGE GROUPS NOT GROUPS age groups are 1.2, 1.3, 2.2, 2.3 ect...
#1) Age Group, 2) phase, 3) StartValue, 4) min, 5) max
#(TempSelectivity)
1     2     0.215836     0.0     10
2     2     0.835291     0.0     10
3     2     0.987483     0.0     10
4     2     0.956214     0.0     10
5     2     2.50518     0.0     10
#Number of Availability Parameters
#(NAVAILPAR)
15
#Availability to estimate for stocks in districts (i.e. Alagnak in Egegik District)
#1) Availability group, 2) phase, 3) StartValue, 4) min, 5) max
#(TempAvailability)
1     2     1.47045     0.0     10
2     2     0.438901     0.0     10
3     2     0.162419     0.0     10
4     2     1.85055     0.0     10
5     2     0.402307     0.0     10
6     2     0.10431312     0.0     10
7     2     1.49428     0.0     10
8     2     0.803481     0.0     10
9     2     0.1366137     0.0     10
10     2     0.1829203     0.0     10
11     2     3.22949     0.0     10
12     2     0.524894     0.0     10
13     2     0.501796     0.0     10
14     2     0.625822     0.0     10
15     2     4.57176     0.0     10
#Total run size of each group (thousands): group number, estimation phase [neg=ignore], startValue, min, max
#(TempRunSize)
1     -1     0     0     30706566
2     -1     0     0     30706566
3     -1     0     0     30706566
4     -1     0     0     30706566
5     -1     0     0     30706566
6     -1     0     0     30706566
7     1     7222461     0     30706566
8     1     996652     0     30706566
9     1     4556.88     0     30706566
10     -1     0     0     30706566
11     1     1.00000000340911     0     30706566
12     1     3668911     0     30706566
13     1     448004     0     30706566
14     1     1.00000000852278     0     30706566
15     -1     0     0     30706566
16     1     1.00000000340911     0     30706566
17     1     1.00000000340911     0     30706566
18     -1     0     0     30706566
19     -1     0     0     30706566
20     -1     0     0     30706566
21     -1     0     0     30706566
22     -1     0     0     30706566
23     -1     0     0     30706566
24     -1     0     0     30706566
25     1     1862981     0     30706566
26     1     638291     0     30706566
27     1     1.00000000340911     0     30706566
28     -1     0     0     30706566
29     1     1.00000000340911     0     30706566
30     1     1.00000000340911     0     30706566
31     1     287478     0     30706566
32     1     1.00000000340911     0     30706566
33     -1     0     0     30706566
34     1     1.00000000340911     0     30706566
35     1     1.00000000340911     0     30706566
36     -1     0     0     30706566
37     -1     0     0     30706566
38     -1     0     0     30706566
39     -1     0     0     30706566
40     -1     0     0     30706566
41     -1     0     0     30706566
42     1     1254.1     0     30706566
43     1     2228131     0     30706566
44     1     699585     0     30706566
45     1     21753.8     0     30706566
46     -1     0     0     30706566
47     1     455.087     0     30706566
48     1     660111     0     30706566
49     1     686843     0     30706566
50     1     1.00000000340911     0     30706566
51     -1     0     0     30706566
52     1     1.00000000340911     0     30706566
53     1     1.00000000340911     0     30706566
54     -1     0     0     30706566
55     -1     0     0     30706566
56     -1     0     0     30706566
57     -1     0     0     30706566
58     -1     0     0     30706566
59     -1     0     0     30706566
60     1     350.085     0     30706566
61     1     1439431     0     30706566
62     1     475470     0     30706566
63     1     1.00000000340911     0     30706566
64     -1     0     0     30706566
65     1     2924.65     0     30706566
66     1     3664001     0     30706566
67     1     629167     0     30706566
68     1     9064.45     0     30706566
69     -1     0     0     30706566
70     1     1174.9     0     30706566
71     1     18581.7     0     30706566
72     -1     0     0     30706566
73     -1     0     0     30706566
74     -1     0     0     30706566
75     -1     0     0     30706566
76     -1     0     0     30706566
77     -1     0     0     30706566
78     -1     0     0     30706566
79     1     3668581     0     30706566
80     1     503304     0     30706566
81     1     28305     0     30706566
82     -1     0     0     30706566
83     1     1.00000000340911     0     30706566
84     1     574972     0     30706566
85     1     235874     0     30706566
86     1     26528.3     0     30706566
87     -1     0     0     30706566
88     1     1.00000000340911     0     30706566
89     1     1297.8     0     30706566
90     -1     0     0     30706566
#GROUP CODES
#These relate the groups to the various parameters of interest that could vary or be fixed
#1) Group number, 2) DistrictID, 3) StreamID, 4) Selectivity pointer, 5) AgeComp group ID
#(groupCodes)
1     1     1     1     1
2     1     1     2     2
3     1     1     3     3
4     1     1     4     4
5     1     1     5     5
6     1     1     1     6
7     1     1     2     7
8     1     1     3     8
9     1     1     4     9
10     1     1     5     10
11     1     1     1     11
12     1     1     2     12
13     1     1     3     13
14     1     1     4     14
15     1     1     1     15
16     1     1     2     16
17     1     1     3     17
18     1     1     4     18
19     1     2     1     1
20     1     2     2     2
21     1     2     3     3
22     1     2     4     4
23     1     2     5     5
24     1     2     1     6
25     1     2     2     7
26     1     2     3     8
27     1     2     4     9
28     1     2     5     10
29     1     2     1     11
30     1     2     2     12
31     1     2     3     13
32     1     2     4     14
33     1     2     1     15
34     1     2     2     16
35     1     2     3     17
36     1     2     4     18
37     1     3     1     1
38     1     3     2     2
39     1     3     3     3
40     1     3     4     4
41     1     3     5     5
42     1     3     1     6
43     1     3     2     7
44     1     3     3     8
45     1     3     4     9
46     1     3     5     10
47     1     3     1     11
48     1     3     2     12
49     1     3     3     13
50     1     3     4     14
51     1     3     1     15
52     1     3     2     16
53     1     3     3     17
54     1     3     4     18
55     2     4     1     1
56     2     4     2     2
57     2     4     3     3
58     2     4     4     4
59     2     4     5     5
60     2     4     1     6
61     2     4     2     7
62     2     4     3     8
63     2     4     4     9
64     2     4     5     10
65     2     4     1     11
66     2     4     2     12
67     2     4     3     13
68     2     4     4     14
69     2     4     1     15
70     2     4     2     16
71     2     4     3     17
72     2     4     4     18
73     3     5     1     1
74     3     5     2     2
75     3     5     3     3
76     3     5     4     4
77     3     5     5     5
78     3     5     1     6
79     3     5     2     7
80     3     5     3     8
81     3     5     4     9
82     3     5     5     10
83     3     5     1     11
84     3     5     2     12
85     3     5     3     13
86     3     5     4     14
87     3     5     1     15
88     3     5     2     16
89     3     5     3     17
90     3     5     4     18
#Testing code to ensure data was read in correctly, DO NOT CHANGE
#(testCode)
12345
