#SYRAH Annual input file, version number:
2.0
#DATA is for the east side in 1993
#(year)
1993
#CONSTANTS THAT DETERMINE ARRAY BOUNDS
#Number of districts
#(NDISTRICTS)
3
#Number of groups
#(NGROUPS)
90
#Number of stocks
#(NSTOCKS)
5
#Number of age groups recorded: 
#(NAGECOMPS)
18
#Age group labels (must be numeric!)
#(AgeCompLabels)
0.1 0.2 0.3 0.4 0.5 1.1 1.2 1.3 1.4 1.5 2.1 2.2 2.3 2.4 3.1 3.2 3.3 3.4
#Flag for genetic data by district: 1 = Data available, -1 = Data Unavailable 
#(GENdata)
1 1 1
#Genetic fractions
#(GeneticFracData)
#1) District ID, 2) Sample Size, 3) Kvichank, 4) Alagnak, 5) Naknek, 6) Egegik, 7) Ugashik
1     312     0.3509     0.1486     0.4056     0.0712     0.003
2     310     0.0099     0.0021     0.0078     0.9187     0.0543
3     342     0.02     0.0013     0.0047     0.1807     0.7885
#Age composition for CATCH data
#(AgeCompCATCH)
1     6076     0     0     0.0006014335     0     0     0.0004524056     0.1607977     0.2155261     0.006555646     0     0.0001666195     0.3037178     0.3081788     0.002754047     0     0.0005652651     0.0006841786     0
2     4717     0     0     0.0001577122     0     0     0     0.01903716     0.05270976     0.004785804     0     0     0.444425     0.4694204     0.003398792     0     0.004061046     0.002004286     0
3     3549     0     0     0.001253455     0     0     0     0.08485422     0.09484068     0.004015844     0     0.0005831176     0.4046498     0.4045365     0.002576388     0     0.002690023     0     0
#Age composition for ESCAPEMENT data
#(AgeCompESC)
1     3254     0     0.0008615288     0.009328478     0.0001670844     0     0.000580105     0.2267323     0.2427327     0.0004352279     0     0.03117508     0.4473158     0.04067182     0     0     0     0     0
2     0     0     0     0     0     0     0     0.6011158     0.250188     0     0     0     0.1026919     0.0460043     0     0     0     0     0
3     2482     0     0     0     0     0     0     0.06215432     0.2015213     0.0249322     0.0004287211     0.002499054     0.1342442     0.5659433     0.008276897     0     0     0     0
4     3096     0     0     0     0     0     0     0.00817989     0.0464873     0.007081442     0     0.02110184     0.4124344     0.4950071     0.001912172     0     0.006284217     0.001511685     0
5     2054     0     0     0.001238677     0     0     0.0006274699     0.1785872     0.1458527     0.001711916     0     0.008477106     0.2721548     0.3883122     0.003037979     0     0     0     0
#Catch Data by District
#(catchData)
8338444     21600858     4176900
#Escapement Data by Stock
#(escData)
4025166     887336.2     1535658     1517000     1413454
#PARAMETERS TO BE ESTIMATED
#Number of Selectivity Parameters
#(NSELECTPAR)
5
#Selectivity to estimate for AGE GROUPS NOT GROUPS age groups are 1.2, 1.3, 2.2, 2.3 ect...
#1) Age Group, 2) phase, 3) StartValue, 4) min, 5) max
#(TempSelectivity)
1     2     0.1804994     0.0     10
2     2     1.79468     0.0     10
3     2     1.74117     0.0     10
4     2     1.68364     0.0     10
5     2     0.1000187163     0.0     10
#Number of Availability Parameters
#(NAVAILPAR)
15
#Availability to estimate for stocks in districts (i.e. Alagnak in Egegik District)
#1) Availability group, 2) phase, 3) StartValue, 4) min, 5) max
#(TempAvailability)
1     2     1.13351     0.0     10
2     2     0.1634213     0.0     10
3     2     0.1644981     0.0     10
4     2     1.85493     0.0     10
5     2     0.1454288     0.0     10
6     2     0.1133673     0.0     10
7     2     2.25105     0.0     10
8     2     0.1720955     0.0     10
9     2     0.122081     0.0     10
10     2     0.1520407     0.0     10
11     2     4.44517     0.0     10
12     2     0.310028     0.0     10
13     2     0.10846778     0.0     10
14     2     0.573884     0.0     10
15     2     4.79003     0.0     10
#Total run size of each group (thousands): group number, estimation phase [neg=ignore], startValue, min, max
#(TempRunSize)
1     -1     0     0     43494816.25
2     1     4573.19     0     43494816.25
3     1     53498     0     43494816.25
4     1     873.255     0     43494816.25
5     -1     0     0     43494816.25
6     1     2396.64     0     43494816.25
7     1     1684781     0     43494816.25
8     1     1771741     0     43494816.25
9     1     2852.21     0     43494816.25
10     -1     0     0     43494816.25
11     1     127995     0     43494816.25
12     1     3349921     0     43494816.25
13     1     297751     0     43494816.25
14     1     1.00000000482889     0     43494816.25
15     -1     0     0     43494816.25
16     1     1.00000000482889     0     43494816.25
17     1     1.00000000482889     0     43494816.25
18     -1     0     0     43494816.25
19     -1     0     0     43494816.25
20     -1     0     0     43494816.25
21     1     1.00000000482889     0     43494816.25
22     -1     0     0     43494816.25
23     -1     0     0     43494816.25
24     1     84888.6     0     43494816.25
25     1     644696     0     43494816.25
26     1     577192     0     43494816.25
27     1     1.00000000965779     0     43494816.25
28     -1     0     0     43494816.25
29     1     1.0000000362167     0     43494816.25
30     1     556492     0     43494816.25
31     1     338559     0     43494816.25
32     1     1.0000000313878     0     43494816.25
33     -1     0     0     43494816.25
34     1     1260.93     0     43494816.25
35     1     7951.2     0     43494816.25
36     -1     0     0     43494816.25
37     -1     0     0     43494816.25
38     -1     0     0     43494816.25
39     1     1.00000000482889     0     43494816.25
40     -1     0     0     43494816.25
41     -1     0     0     43494816.25
42     1     1.00000000482889     0     43494816.25
43     1     335019     0     43494816.25
44     1     1039341     0     43494816.25
45     1     110458     0     43494816.25
46     1     657.952     0     43494816.25
47     1     4025.05     0     43494816.25
48     1     724124     0     43494816.25
49     1     2919561     0     43494816.25
50     1     38713.8     0     43494816.25
51     -1     0     0     43494816.25
52     1     1.00000000482889     0     43494816.25
53     1     1.00000000482889     0     43494816.25
54     -1     0     0     43494816.25
55     -1     0     0     43494816.25
56     -1     0     0     43494816.25
57     1     1.00000000482889     0     43494816.25
58     -1     0     0     43494816.25
59     -1     0     0     43494816.25
60     1     1.00000000482889     0     43494816.25
61     1     188402     0     43494816.25
62     1     992741     0     43494816.25
63     1     127144     0     43494816.25
64     -1     0     0     43494816.25
65     1     35502.3     0     43494816.25
66     1     10518301     0     43494816.25
67     1     10837901     0     43494816.25
68     1     53032.1     0     43494816.25
69     -1     0     0     43494816.25
70     1     146448     0     43494816.25
71     1     36866.7     0     43494816.25
72     -1     0     0     43494816.25
73     -1     0     0     43494816.25
74     -1     0     0     43494816.25
75     1     7713.78     0     43494816.25
76     -1     0     0     43494816.25
77     -1     0     0     43494816.25
78     1     924.234     0     43494816.25
79     1     878405     0     43494816.25
80     1     753260     0     43494816.25
81     1     13009.4     0     43494816.25
82     -1     0     0     43494816.25
83     1     13153.9     0     43494816.25
84     1     1909161     0     43494816.25
85     1     2291451     0     43494816.25
86     1     16608.5     0     43494816.25
87     -1     0     0     43494816.25
88     1     1.0000000338023     0     43494816.25
89     1     1.00000000482889     0     43494816.25
90     -1     0     0     43494816.25
#GROUP CODES
#These relate the groups to the various parameters of interest that could vary or be fixed
#1) Group number, 2) DistrictID, 3) StreamID, 4) Selectivity pointer, 5) AgeComp group ID
#(groupCodes)
1     1     1     1     1
2     1     1     2     2
3     1     1     3     3
4     1     1     4     4
5     1     1     5     5
6     1     1     1     6
7     1     1     2     7
8     1     1     3     8
9     1     1     4     9
10     1     1     5     10
11     1     1     1     11
12     1     1     2     12
13     1     1     3     13
14     1     1     4     14
15     1     1     1     15
16     1     1     2     16
17     1     1     3     17
18     1     1     4     18
19     1     2     1     1
20     1     2     2     2
21     1     2     3     3
22     1     2     4     4
23     1     2     5     5
24     1     2     1     6
25     1     2     2     7
26     1     2     3     8
27     1     2     4     9
28     1     2     5     10
29     1     2     1     11
30     1     2     2     12
31     1     2     3     13
32     1     2     4     14
33     1     2     1     15
34     1     2     2     16
35     1     2     3     17
36     1     2     4     18
37     1     3     1     1
38     1     3     2     2
39     1     3     3     3
40     1     3     4     4
41     1     3     5     5
42     1     3     1     6
43     1     3     2     7
44     1     3     3     8
45     1     3     4     9
46     1     3     5     10
47     1     3     1     11
48     1     3     2     12
49     1     3     3     13
50     1     3     4     14
51     1     3     1     15
52     1     3     2     16
53     1     3     3     17
54     1     3     4     18
55     2     4     1     1
56     2     4     2     2
57     2     4     3     3
58     2     4     4     4
59     2     4     5     5
60     2     4     1     6
61     2     4     2     7
62     2     4     3     8
63     2     4     4     9
64     2     4     5     10
65     2     4     1     11
66     2     4     2     12
67     2     4     3     13
68     2     4     4     14
69     2     4     1     15
70     2     4     2     16
71     2     4     3     17
72     2     4     4     18
73     3     5     1     1
74     3     5     2     2
75     3     5     3     3
76     3     5     4     4
77     3     5     5     5
78     3     5     1     6
79     3     5     2     7
80     3     5     3     8
81     3     5     4     9
82     3     5     5     10
83     3     5     1     11
84     3     5     2     12
85     3     5     3     13
86     3     5     4     14
87     3     5     1     15
88     3     5     2     16
89     3     5     3     17
90     3     5     4     18
#Testing code to ensure data was read in correctly, DO NOT CHANGE
#(testCode)
12345
