#SYRAH Annual input file, version number:
2.0
#DATA is for the east side in 1965
#(year)
1965
#CONSTANTS THAT DETERMINE ARRAY BOUNDS
#Number of districts
#(NDISTRICTS)
3
#Number of groups
#(NGROUPS)
90
#Number of stocks
#(NSTOCKS)
5
#Number of age groups recorded: 
#(NAGECOMPS)
18
#Age group labels (must be numeric!)
#(AgeCompLabels)
0.1 0.2 0.3 0.4 0.5 1.1 1.2 1.3 1.4 1.5 2.1 2.2 2.3 2.4 3.1 3.2 3.3 3.4
#Flag for genetic data by district: 1 = Data available, -1 = Data Unavailable 
#(GENdata)
1 1 1
#Genetic fractions
#(GeneticFracData)
#1) District ID, 2) Sample Size, 3) Kvichank, 4) Alagnak, 5) Naknek, 6) Egegik, 7) Ugashik
1     328     0.8986     0.0075     0.0157     0.0701     0.0036
2     284     0.2394     0.0015     0.0022     0.6033     0.149
3     280     0.0024     5e-04     0.0011     0.0177     0.9736
#Age composition for CATCH data
#(AgeCompCATCH)
1     6141     0     0     0     0     0     0     0.0187982     0.03107395     0     0     7.143784e-05     0.9333827     0.01667375     0     0     0     0     0
2     6053     0     0     0.0003881113     0     0     0     0.01913273     0.06134899     0     0     0     0.8251607     0.09134859     0     0     0.002141878     0.0004790203     0
3     2037     0     0     0.007116803     0     0     0.0002324583     0.1354156     0.1942729     0.0004655737     0     0     0.5850049     0.07749177     0     0     0     0     0
#Age composition for ESCAPEMENT data
#(AgeCompESC)
1     3350     0     0     0     0     0     0     0.003937251     0.005630093     0     0     0     0.9902682     8.640199e-05     0     0     7.806456e-05     0     0
2     329     0     0     0.001512402     0     0     0.05077887     0.1390894     0.2385302     0     0     0     0.4637826     0.1041452     0     0     0.002161313     0     0
3     2842     0     0     0     0     0     0.0001889645     0.09773704     0.2127555     0     0     0.004762171     0.4832032     0.1992208     0     0     0     0.002132345     0
4     2043     0     0     0     0     0     0     0.01097317     0.0369397     0.0002004727     0     0     0.8913253     0.05908169     0     0     0.001479623     0     0
5     2622     0     0     0     0     0     0     0.0979676     0.058409     0     0     0.001043838     0.8203193     0.02226029     0     0     0     0     0
#Catch Data by District
#(catchData)
19139567     3179559     925690
#Escapement Data by Stock
#(escData)
24325926     175020     717798     1444608     996612
#PARAMETERS TO BE ESTIMATED
#Number of Selectivity Parameters
#(NSELECTPAR)
5
#Selectivity to estimate for AGE GROUPS NOT GROUPS age groups are 1.2, 1.3, 2.2, 2.3 ect...
#1) Age Group, 2) phase, 3) StartValue, 4) min, 5) max
#(TempSelectivity)
1     2     0.1133492     0.0     10
2     2     0.1441797     0.0     10
3     2     0.1667385     0.0     10
4     2     0.167735     0.0     10
5     2     4.908     0.0     10
#Number of Availability Parameters
#(NAVAILPAR)
15
#Availability to estimate for stocks in districts (i.e. Alagnak in Egegik District)
#1) Availability group, 2) phase, 3) StartValue, 4) min, 5) max
#(TempAvailability)
1     2     1.63161     0.0     10
2     2     0.23619     0.0     10
3     2     0.10050857     0.0     10
4     2     1.74389     0.0     10
5     2     0.1768996     0.0     10
6     2     0.1128596     0.0     10
7     2     1.02553     0.0     10
8     2     0.1362984     0.0     10
9     2     0.10828531     0.0     10
10     2     0.866818     0.0     10
11     2     3.28275     0.0     10
12     2     0.1294324     0.0     10
13     2     0.232152     0.0     10
14     2     1.66786     0.0     10
15     2     5.04891     0.0     10
#Total run size of each group (thousands): group number, estimation phase [neg=ignore], startValue, min, max
#(TempRunSize)
1     -1     0     0     50904780
2     -1     0     0     50904780
3     1     1.00000000565157     0     50904780
4     -1     0     0     50904780
5     -1     0     0     50904780
6     1     1.00000000565157     0     50904780
7     1     366884     0     50904780
8     1     408604     0     50904780
9     1     1.00000000565157     0     50904780
10     -1     0     0     50904780
11     1     1.0000000141289     0     50904780
12     1     41481401     0     50904780
13     1     4989.65     0     50904780
14     -1     0     0     50904780
15     -1     0     0     50904780
16     1     1936.04     0     50904780
17     1     1.00000000565157     0     50904780
18     -1     0     0     50904780
19     -1     0     0     50904780
20     -1     0     0     50904780
21     1     635.963     0     50904780
22     -1     0     0     50904780
23     -1     0     0     50904780
24     1     10557.8     0     50904780
25     1     43723.5     0     50904780
26     1     101708     0     50904780
27     1     1.00000000565157     0     50904780
28     -1     0     0     50904780
29     1     1.00000000565157     0     50904780
30     1     145108     0     50904780
31     1     44325.2     0     50904780
32     -1     0     0     50904780
33     -1     0     0     50904780
34     1     672.86     0     50904780
35     1     1.00000000565157     0     50904780
36     -1     0     0     50904780
37     -1     0     0     50904780
38     -1     0     0     50904780
39     1     1.00000000565157     0     50904780
40     -1     0     0     50904780
41     -1     0     0     50904780
42     1     150.094     0     50904780
43     1     97777.7     0     50904780
44     1     250154     0     50904780
45     1     1.00000000565157     0     50904780
46     -1     0     0     50904780
47     1     3806.38     0     50904780
48     1     478830     0     50904780
49     1     233405     0     50904780
50     -1     0     0     50904780
51     -1     0     0     50904780
52     1     1.00000000565157     0     50904780
53     1     2442.42     0     50904780
54     -1     0     0     50904780
55     -1     0     0     50904780
56     -1     0     0     50904780
57     1     1.00000000565157     0     50904780
58     -1     0     0     50904780
59     -1     0     0     50904780
60     1     1.00000000565157     0     50904780
61     1     48269     0     50904780
62     1     295747     0     50904780
63     1     773.195     0     50904780
64     -1     0     0     50904780
65     1     1.00000000565157     0     50904780
66     1     4167301     0     50904780
67     1     563249     0     50904780
68     -1     0     0     50904780
69     -1     0     0     50904780
70     1     10472.4     0     50904780
71     1     1740.19     0     50904780
72     -1     0     0     50904780
73     -1     0     0     50904780
74     -1     0     0     50904780
75     1     8947.74     0     50904780
76     -1     0     0     50904780
77     -1     0     0     50904780
78     1     163.51     0     50904780
79     1     251167     0     50904780
80     1     327283     0     50904780
81     1     553.782     0     50904780
82     -1     0     0     50904780
83     1     866.073     0     50904780
84     1     1517491     0     50904780
85     1     128287     0     50904780
86     -1     0     0     50904780
87     -1     0     0     50904780
88     1     1.00000000565157     0     50904780
89     1     1.00000000565157     0     50904780
90     -1     0     0     50904780
#GROUP CODES
#These relate the groups to the various parameters of interest that could vary or be fixed
#1) Group number, 2) DistrictID, 3) StreamID, 4) Selectivity pointer, 5) AgeComp group ID
#(groupCodes)
1     1     1     1     1
2     1     1     2     2
3     1     1     3     3
4     1     1     4     4
5     1     1     5     5
6     1     1     1     6
7     1     1     2     7
8     1     1     3     8
9     1     1     4     9
10     1     1     5     10
11     1     1     1     11
12     1     1     2     12
13     1     1     3     13
14     1     1     4     14
15     1     1     1     15
16     1     1     2     16
17     1     1     3     17
18     1     1     4     18
19     1     2     1     1
20     1     2     2     2
21     1     2     3     3
22     1     2     4     4
23     1     2     5     5
24     1     2     1     6
25     1     2     2     7
26     1     2     3     8
27     1     2     4     9
28     1     2     5     10
29     1     2     1     11
30     1     2     2     12
31     1     2     3     13
32     1     2     4     14
33     1     2     1     15
34     1     2     2     16
35     1     2     3     17
36     1     2     4     18
37     1     3     1     1
38     1     3     2     2
39     1     3     3     3
40     1     3     4     4
41     1     3     5     5
42     1     3     1     6
43     1     3     2     7
44     1     3     3     8
45     1     3     4     9
46     1     3     5     10
47     1     3     1     11
48     1     3     2     12
49     1     3     3     13
50     1     3     4     14
51     1     3     1     15
52     1     3     2     16
53     1     3     3     17
54     1     3     4     18
55     2     4     1     1
56     2     4     2     2
57     2     4     3     3
58     2     4     4     4
59     2     4     5     5
60     2     4     1     6
61     2     4     2     7
62     2     4     3     8
63     2     4     4     9
64     2     4     5     10
65     2     4     1     11
66     2     4     2     12
67     2     4     3     13
68     2     4     4     14
69     2     4     1     15
70     2     4     2     16
71     2     4     3     17
72     2     4     4     18
73     3     5     1     1
74     3     5     2     2
75     3     5     3     3
76     3     5     4     4
77     3     5     5     5
78     3     5     1     6
79     3     5     2     7
80     3     5     3     8
81     3     5     4     9
82     3     5     5     10
83     3     5     1     11
84     3     5     2     12
85     3     5     3     13
86     3     5     4     14
87     3     5     1     15
88     3     5     2     16
89     3     5     3     17
90     3     5     4     18
#Testing code to ensure data was read in correctly, DO NOT CHANGE
#(testCode)
12345
