#SYRAH Annual input file, version number:
2.0
#DATA is for the east side in 1995
#(year)
1995
#CONSTANTS THAT DETERMINE ARRAY BOUNDS
#Number of districts
#(NDISTRICTS)
3
#Number of groups
#(NGROUPS)
90
#Number of stocks
#(NSTOCKS)
5
#Number of age groups recorded: 
#(NAGECOMPS)
18
#Age group labels (must be numeric!)
#(AgeCompLabels)
0.1 0.2 0.3 0.4 0.5 1.1 1.2 1.3 1.4 1.5 2.1 2.2 2.3 2.4 3.1 3.2 3.3 3.4
#Flag for genetic data by district: 1 = Data available, -1 = Data Unavailable 
#(GENdata)
1 1 1
#Genetic fractions
#(GeneticFracData)
#1) District ID, 2) Sample Size, 3) Kvichank, 4) Alagnak, 5) Naknek, 6) Egegik, 7) Ugashik
1     317     0.7986     0.0653     0.0901     0.0315     0.0015
2     313     0.063     0.0013     0.0149     0.8719     0.0423
3     321     0.0832     0.001     0.0028     0.0748     0.8331
#Age composition for CATCH data
#(AgeCompCATCH)
1     9568     0     0     0     9.478095e-06     0     0     0.1090542     0.09619061     0.0004588496     0     0     0.6651762     0.1283436     0     0     0.0005177376     0.0002493148     0
2     8746     0     0.0002688825     8.54086e-05     0     0     0     0.0860219     0.05400201     0.0003027873     0     6.191182e-05     0.5820916     0.254346     0.0001731407     0     0.009930559     0.01271576     0
3     8195     0     0.000507815     9.695903e-05     0.0003472534     0     0     0.2476905     0.1067983     0.002615729     0     0     0.4141261     0.2212456     0.0003501666     0     0.002200899     0.004020691     0
#Age composition for ESCAPEMENT data
#(AgeCompESC)
1     3659     0     0.0002083617     0.0001420547     0     0     0     0.07842533     0.02706108     0     0     0.0001721762     0.7967296     0.09674496     0     0     0.0005164036     0     0
2     0     0     0     0     0     0     0     0.6011158     0.250188     0     0     0     0.1026919     0.0460043     0     0     0     0     0
3     1295     0     0     0     0     0     0     0.1398022     0.2400058     0     0     0.001846338     0.4750269     0.1417045     0.000807123     0     0.000807123     0     0
4     3996     0     0     0     0     0     4.676977e-05     0.09665996     0.03194892     4.676977e-05     0     0.01375365     0.658348     0.1798893     9.757458e-05     0.002154482     0.01426915     0.002785443     0
5     2138     0     0.000962361     0     0     0     0.004582994     0.4201384     0.1211175     0     0     0.0003021008     0.3440598     0.1088369     0     0     0     0     0
#Catch Data by District
#(catchData)
18966276     14425979     4509446
#Escapement Data by Stock
#(escData)
10038720     550068.2     1111140     1266692     1321108
#PARAMETERS TO BE ESTIMATED
#Number of Selectivity Parameters
#(NSELECTPAR)
5
#Selectivity to estimate for AGE GROUPS NOT GROUPS age groups are 1.2, 1.3, 2.2, 2.3 ect...
#1) Age Group, 2) phase, 3) StartValue, 4) min, 5) max
#(TempSelectivity)
1     2     0.1155409     0.0     10
2     2     1.2519     0.0     10
3     2     1.43737     0.0     10
4     2     1.69068     0.0     10
5     2     1.004516     0.0     10
#Number of Availability Parameters
#(NAVAILPAR)
15
#Availability to estimate for stocks in districts (i.e. Alagnak in Egegik District)
#1) Availability group, 2) phase, 3) StartValue, 4) min, 5) max
#(TempAvailability)
1     2     1.62025     0.0     10
2     2     0.1869941     0.0     10
3     2     0.1678351     0.0     10
4     2     2.07945     0.0     10
5     2     0.1224911     0.0     10
6     2     0.10881508     0.0     10
7     2     1.52391     0.0     10
8     2     0.268684     0.0     10
9     2     0.1174849     0.0     10
10     2     0.1666391     0.0     10
11     2     4.53357     0.0     10
12     2     0.207628     0.0     10
13     2     0.10976056     0.0     10
14     2     0.388263     0.0     10
15     2     4.89824     0.0     10
#Total run size of each group (thousands): group number, estimation phase [neg=ignore], startValue, min, max
#(TempRunSize)
1     -1     0     0     52189429.15
2     1     3159.6     0     52189429.15
3     1     2357.66     0     52189429.15
4     1     1.00000000579419     0     52189429.15
5     -1     0     0     52189429.15
6     -1     0     0     52189429.15
7     1     2047171     0     52189429.15
8     1     842898     0     52189429.15
9     1     1.00000000869129     0     52189429.15
10     -1     0     0     52189429.15
11     1     1726.83     0     52189429.15
12     1     20612801     0     52189429.15
13     1     3087781     0     52189429.15
14     1     1.00000000579419     0     52189429.15
15     -1     0     0     52189429.15
16     1     11587.2     0     52189429.15
17     1     1.00000000579419     0     52189429.15
18     -1     0     0     52189429.15
19     -1     0     0     52189429.15
20     1     1.00000000579419     0     52189429.15
21     1     1.00000000579419     0     52189429.15
22     1     209.065     0     52189429.15
23     -1     0     0     52189429.15
24     -1     0     0     52189429.15
25     1     861942     0     52189429.15
26     1     996157     0     52189429.15
27     1     10550.9     0     52189429.15
28     -1     0     0     52189429.15
29     1     1.000000257841     0     52189429.15
30     1     1.000000144855     0     52189429.15
31     1     1.000000567831     0     52189429.15
32     1     1.00000000579419     0     52189429.15
33     -1     0     0     52189429.15
34     1     1.0000000144855     0     52189429.15
35     1     1.0000000144855     0     52189429.15
36     -1     0     0     52189429.15
37     -1     0     0     52189429.15
38     1     1.00000000579419     0     52189429.15
39     1     1.00000000579419     0     52189429.15
40     1     1.00000000579419     0     52189429.15
41     -1     0     0     52189429.15
42     -1     0     0     52189429.15
43     1     401500     0     52189429.15
44     1     828130     0     52189429.15
45     1     1.00000000579419     0     52189429.15
46     -1     0     0     52189429.15
47     1     2074.78     0     52189429.15
48     1     1361511     0     52189429.15
49     1     488741     0     52189429.15
50     1     3145.21     0     52189429.15
51     -1     0     0     52189429.15
52     1     2259.6     0     52189429.15
53     1     1.00000000579419     0     52189429.15
54     -1     0     0     52189429.15
55     -1     0     0     52189429.15
56     1     1233.09     0     52189429.15
57     1     714.757     0     52189429.15
58     1     1.00000000579419     0     52189429.15
59     -1     0     0     52189429.15
60     1     69.695     0     52189429.15
61     1     1188591     0     52189429.15
62     1     703055     0     52189429.15
63     1     3860.81     0     52189429.15
64     -1     0     0     52189429.15
65     1     20292.5     0     52189429.15
66     1     8654641     0     52189429.15
67     1     4096001     0     52189429.15
68     1     3705.81     0     52189429.15
69     1     3165.48     0     52189429.15
70     1     185933     0     52189429.15
71     1     157206     0     52189429.15
72     -1     0     0     52189429.15
73     -1     0     0     52189429.15
74     1     4422.47     0     52189429.15
75     1     254.849     0     52189429.15
76     1     1418.29     0     52189429.15
77     -1     0     0     52189429.15
78     1     5526.99     0     52189429.15
79     1     1929081     0     52189429.15
80     1     755098     0     52189429.15
81     1     10865.8     0     52189429.15
82     -1     0     0     52189429.15
83     1     365.348     0     52189429.15
84     1     1871281     0     52189429.15
85     1     983705     0     52189429.15
86     1     1291.08     0     52189429.15
87     -1     0     0     52189429.15
88     1     1.00000000579419     0     52189429.15
89     1     7884.49     0     52189429.15
90     -1     0     0     52189429.15
#GROUP CODES
#These relate the groups to the various parameters of interest that could vary or be fixed
#1) Group number, 2) DistrictID, 3) StreamID, 4) Selectivity pointer, 5) AgeComp group ID
#(groupCodes)
1     1     1     1     1
2     1     1     2     2
3     1     1     3     3
4     1     1     4     4
5     1     1     5     5
6     1     1     1     6
7     1     1     2     7
8     1     1     3     8
9     1     1     4     9
10     1     1     5     10
11     1     1     1     11
12     1     1     2     12
13     1     1     3     13
14     1     1     4     14
15     1     1     1     15
16     1     1     2     16
17     1     1     3     17
18     1     1     4     18
19     1     2     1     1
20     1     2     2     2
21     1     2     3     3
22     1     2     4     4
23     1     2     5     5
24     1     2     1     6
25     1     2     2     7
26     1     2     3     8
27     1     2     4     9
28     1     2     5     10
29     1     2     1     11
30     1     2     2     12
31     1     2     3     13
32     1     2     4     14
33     1     2     1     15
34     1     2     2     16
35     1     2     3     17
36     1     2     4     18
37     1     3     1     1
38     1     3     2     2
39     1     3     3     3
40     1     3     4     4
41     1     3     5     5
42     1     3     1     6
43     1     3     2     7
44     1     3     3     8
45     1     3     4     9
46     1     3     5     10
47     1     3     1     11
48     1     3     2     12
49     1     3     3     13
50     1     3     4     14
51     1     3     1     15
52     1     3     2     16
53     1     3     3     17
54     1     3     4     18
55     2     4     1     1
56     2     4     2     2
57     2     4     3     3
58     2     4     4     4
59     2     4     5     5
60     2     4     1     6
61     2     4     2     7
62     2     4     3     8
63     2     4     4     9
64     2     4     5     10
65     2     4     1     11
66     2     4     2     12
67     2     4     3     13
68     2     4     4     14
69     2     4     1     15
70     2     4     2     16
71     2     4     3     17
72     2     4     4     18
73     3     5     1     1
74     3     5     2     2
75     3     5     3     3
76     3     5     4     4
77     3     5     5     5
78     3     5     1     6
79     3     5     2     7
80     3     5     3     8
81     3     5     4     9
82     3     5     5     10
83     3     5     1     11
84     3     5     2     12
85     3     5     3     13
86     3     5     4     14
87     3     5     1     15
88     3     5     2     16
89     3     5     3     17
90     3     5     4     18
#Testing code to ensure data was read in correctly, DO NOT CHANGE
#(testCode)
12345
