#SYRAH Annual input file, version number:
2.0
#DATA is for the east side in 2011
#(year)
2011
#CONSTANTS THAT DETERMINE ARRAY BOUNDS
#Number of districts
#(NDISTRICTS)
3
#Number of groups
#(NGROUPS)
90
#Number of stocks
#(NSTOCKS)
5
#Number of age groups recorded: 
#(NAGECOMPS)
18
#Age group labels (must be numeric!)
#(AgeCompLabels)
0.1 0.2 0.3 0.4 0.5 1.1 1.2 1.3 1.4 1.5 2.1 2.2 2.3 2.4 3.1 3.2 3.3 3.4
#Flag for genetic data by district: 1 = Data available, -1 = Data Unavailable 
#(GENdata)
1 1 1
#Genetic fractions
#(GeneticFracData)
#1) District ID, 2) Sample Size, 3) Kvichank, 4) Alagnak, 5) Naknek, 6) Egegik, 7) Ugashik
1     1327     0.4091303     0.1202172     0.4137063     0.03756839     0.000760339
2     1516     0.1433406     0.02313095     0.09996383     0.6000974     0.09775481
3     1137     0.004888691     0.001527894     0.005583132     0.03061829     0.9537029
#Age composition for CATCH data
#(AgeCompCATCH)
1     1     0     0     0.000245054     0     0     0     0.1897684     0.4304407     0.002846356     0     0.0006111721     0.1450371     0.2303543     0.0002334827     0     0.0003509591     0.0001123804     0
2     1     0     0     0     0     0     0     0.08510491     0.1951802     0.001168615     0     0.001176365     0.2763312     0.4309974     0.0001576737     0     0.008270665     0.001612961     0
3     1     0     0     0     0.0001448775     0     0     0.2361062     0.2193326     0.001503816     0     0.0009307717     0.2839627     0.2572079     0     0     0.0008110919     0     0
#Age composition for ESCAPEMENT data
#(AgeCompESC)
1     1     0     0     0     0     0     0     0.2735571     0.319654     0.0007645272     0     0.009429765     0.190112     0.2064826     0     0     0     0     0
2     1     0     0     0     0     0     0.0008503189     0.2629973     0.6796241     0.002668058     0     0     0.02207768     0.03178249     0     0     0     0     0
3     1     0     0     0     0     0     0.01711839     0.4386352     0.2580024     0.002294312     0     0.01037001     0.1494856     0.1240941     0     0     0     0     0
4     1     0     0     0     0     0     0.0002915679     0.01492948     0.04117774     0     0     0.06480184     0.4218758     0.4510792     0     0.0002915679     0.004798807     0.0007539579     0
5     1     0     0     0     0     0     0.007031715     0.39728     0.2440421     0.0008789643     0     0.01105797     0.1918427     0.1478665     0     0     0     0     0
#Catch Data by District
#(catchData)
8382249     4810362     2643495
#Escapement Data by Stock
#(escData)
2264352     883794     1177074     961200     1029853
#PARAMETERS TO BE ESTIMATED
#Number of Selectivity Parameters
#(NSELECTPAR)
5
#Selectivity to estimate for AGE GROUPS NOT GROUPS age groups are 1.2, 1.3, 2.2, 2.3 ect...
#1) Age Group, 2) phase, 3) StartValue, 4) min, 5) max
#(TempSelectivity)
1     2     0.18830254496     0.0     10
2     2     1.0951351198     0.0     10
3     2     1.334251923     0.0     10
4     2     1.499779575     0.0     10
5     2     1.382530835     0.0     10
#Number of Availability Parameters
#(NAVAILPAR)
15
#Availability to estimate for stocks in districts (i.e. Alagnak in Egegik District)
#1) Availability group, 2) phase, 3) StartValue, 4) min, 5) max
#(TempAvailability)
1     3     1.545462245     0.0     10
2     3     0.4873056149     0.0     10
3     3     0.11009108144     0.0     10
4     3     1.318356375     0.0     10
5     3     0.2916122079     0.0     10
6     3     0.108657130655     0.0     10
7     3     2.29190697     0.0     10
8     3     0.4535012284     0.0     10
9     3     0.1147525713     0.0     10
10     3     0.2415923281     0.0     10
11     3     3.77292485     0.0     10
12     3     0.2094628266     0.0     10
13     3     0.102682082947     0.0     10
14     3     0.494656098     0.0     10
15     3     4.957036391     0.0     10
#Total run size of each group (thousands): group number, estimation phase [neg=ignore], startValue, min, max
#(TempRunSize)
1     -1     0     0     22152379
2     -1     0     0     22152379
3     1     1.00000001475645     0     22152379
4     1     1.00000000245941     0     22152379
5     -1     0     0     22152379
6     -1     0     0     22152379
7     1     1366978.358     0     22152379
8     1     2377166.898     0     22152379
9     1     6708.261069     0     22152379
10     -1     0     0     22152379
11     1     21817.80098     0     22152379
12     1     1074519.058     0     22152379
13     1     1545141.975     0     22152379
14     1     1.00000001229704     0     22152379
15     -1     0     0     22152379
16     1     1.00000000368911     0     22152379
17     1     1.00000000491882     0     22152379
18     -1     0     0     22152379
19     -1     0     0     22152379
20     -1     0     0     22152379
21     1     1.00000000245941     0     22152379
22     1     1.00000000245941     0     22152379
23     -1     0     0     22152379
24     1     781.3614505     0     22152379
25     1     450723.9218     0     22152379
26     1     1445553.743     0     22152379
27     1     6401.784285     0     22152379
28     -1     0     0     22152379
29     1     1.00000000245941     0     22152379
30     1     39122.87876     0     22152379
31     1     67849.62743     0     22152379
32     1     1.00000000245941     0     22152379
33     -1     0     0     22152379
34     1     1.00000000245941     0     22152379
35     1     1.00000000245941     0     22152379
36     -1     0     0     22152379
37     -1     0     0     22152379
38     -1     0     0     22152379
39     1     939.8152662     0     22152379
40     1     1.00000000245941     0     22152379
41     -1     0     0     22152379
42     1     18661.85683     0     22152379
43     1     1646133.265     0     22152379
44     1     1787148.876     0     22152379
45     1     23603.00396     0     22152379
46     -1     0     0     22152379
47     1     11572.4791     0     22152379
48     1     628869.359     0     22152379
49     1     871423.8178     0     22152379
50     1     1382.484277     0     22152379
51     -1     0     0     22152379
52     1     1.00000000245941     0     22152379
53     1     1.00000000491882     0     22152379
54     -1     0     0     22152379
55     -1     0     0     22152379
56     -1     0     0     22152379
57     1     1.00000000245941     0     22152379
58     1     1.00000000245941     0     22152379
59     -1     0     0     22152379
60     1     332.733216     0     22152379
61     1     51252.31579     0     22152379
62     1     241868.8234     0     22152379
63     1     1.00000000368911     0     22152379
64     -1     0     0     22152379
65     1     75204.68618     0     22152379
66     1     1606895.025     0     22152379
67     1     2473921.343     0     22152379
68     1     330.0407987     0     22152379
69     1     332.7333379     0     22152379
70     1     33319.02799     0     22152379
71     1     7200.115074     0     22152379
72     -1     0     0     22152379
73     -1     0     0     22152379
74     -1     0     0     22152379
75     1     1.00000000245941     0     22152379
76     1     340.23548     0     22152379
77     -1     0     0     22152379
78     1     8841.484189     0     22152379
79     1     1285603.307     0     22152379
80     1     1062561.122     0     22152379
81     1     5925.509021     0     22152379
82     -1     0     0     22152379
83     1     14976.77189     0     22152379
84     1     942763.6693     0     22152379
85     1     875430.3859     0     22152379
86     1     1.00000000245941     0     22152379
87     -1     0     0     22152379
88     1     632.8019076     0     22152379
89     1     1.00000000245941     0     22152379
90     -1     0     0     22152379
#GROUP CODES
#These relate the groups to the various parameters of interest that could vary or be fixed
#1) Group number, 2) DistrictID, 3) StreamID, 4) Selectivity pointer, 5) AgeComp group ID
#(groupCodes)
1     1     1     1     1
2     1     1     2     2
3     1     1     3     3
4     1     1     4     4
5     1     1     5     5
6     1     1     1     6
7     1     1     2     7
8     1     1     3     8
9     1     1     4     9
10     1     1     5     10
11     1     1     1     11
12     1     1     2     12
13     1     1     3     13
14     1     1     4     14
15     1     1     1     15
16     1     1     2     16
17     1     1     3     17
18     1     1     4     18
19     1     2     1     1
20     1     2     2     2
21     1     2     3     3
22     1     2     4     4
23     1     2     5     5
24     1     2     1     6
25     1     2     2     7
26     1     2     3     8
27     1     2     4     9
28     1     2     5     10
29     1     2     1     11
30     1     2     2     12
31     1     2     3     13
32     1     2     4     14
33     1     2     1     15
34     1     2     2     16
35     1     2     3     17
36     1     2     4     18
37     1     3     1     1
38     1     3     2     2
39     1     3     3     3
40     1     3     4     4
41     1     3     5     5
42     1     3     1     6
43     1     3     2     7
44     1     3     3     8
45     1     3     4     9
46     1     3     5     10
47     1     3     1     11
48     1     3     2     12
49     1     3     3     13
50     1     3     4     14
51     1     3     1     15
52     1     3     2     16
53     1     3     3     17
54     1     3     4     18
55     2     4     1     1
56     2     4     2     2
57     2     4     3     3
58     2     4     4     4
59     2     4     5     5
60     2     4     1     6
61     2     4     2     7
62     2     4     3     8
63     2     4     4     9
64     2     4     5     10
65     2     4     1     11
66     2     4     2     12
67     2     4     3     13
68     2     4     4     14
69     2     4     1     15
70     2     4     2     16
71     2     4     3     17
72     2     4     4     18
73     3     5     1     1
74     3     5     2     2
75     3     5     3     3
76     3     5     4     4
77     3     5     5     5
78     3     5     1     6
79     3     5     2     7
80     3     5     3     8
81     3     5     4     9
82     3     5     5     10
83     3     5     1     11
84     3     5     2     12
85     3     5     3     13
86     3     5     4     14
87     3     5     1     15
88     3     5     2     16
89     3     5     3     17
90     3     5     4     18
#Standard deviation for CATCH error distribution
#(temp_sigmaCat)
0.5
#Standard deviation for ESCAPEMENT error distribution
#(temp_sigmaEsc)
0.1
#Testing code to ensure data was read in correctly, DO NOT CHANGE
#(testCode)
12345
