#SYRAH Annual input file, version number:
2.0
#DATA is for the east side in 1970
#(year)
1970
#CONSTANTS THAT DETERMINE ARRAY BOUNDS
#Number of districts
#(NDISTRICTS)
3
#Number of groups
#(NGROUPS)
90
#Number of stocks
#(NSTOCKS)
5
#Number of age groups recorded: 
#(NAGECOMPS)
18
#Age group labels (must be numeric!)
#(AgeCompLabels)
0.1 0.2 0.3 0.4 0.5 1.1 1.2 1.3 1.4 1.5 2.1 2.2 2.3 2.4 3.1 3.2 3.3 3.4
#Flag for genetic data by district: 1 = Data available, -1 = Data Unavailable 
#(GENdata)
-1 -1 -1
#Genetic fractions
#(GeneticFracData)
#1) District ID, 2) Sample Size, 3) Kvichank, 4) Alagnak, 5) Naknek, 6) Egegik, 7) Ugashik
1     -1     0     0     0     0     0
2     -1     0     0     0     0     0
3     -1     0     0     0     0     0
#Age composition for CATCH data
#(AgeCompCATCH)
1     2901     0     0     0     0     0     0     0.03970364     0.03036659     0     0     0     0.910563     0.01758368     0     0     0.001155461     0.0006276041     0
2     1646     0     0     0.0001439188     0     0     0     0.1118415     0.02873401     0     0     0     0.7388753     0.09097721     0     0     0.02411449     0.005313569     0
3     551     0     0     0.0007679181     0     0     0     0.4527482     0.09167791     0     0     0     0.4020524     0.05275353     0     0     0     0     0
#Age composition for ESCAPEMENT data
#(AgeCompESC)
1     2849     0     0     0     0     0     0     0.01507193     0.005669923     0.0002509264     0     0.001040369     0.965337     0.01262986     0     0     0     0     0
2     648     0     0     0     0     0     0.02877463     0.7092637     0.1060433     0     0     0     0.06757345     0.08834494     0     0     0     0     0
3     1443     0     0     0     0     0     0     0.4234959     0.1149616     0     0     0.002404215     0.3948938     0.06235825     0     0     0.001886221     0     0
4     1329     0     0     0     0     0     0     0.06577095     0.003400199     0     0     0.0001007468     0.8272588     0.06875852     0     0     0.03413474     0.0005760187     0
5     1160     0     0     0     0     0     0     0.7772809     0.01753729     0     0     0     0.1984753     0.006706541     0     0     0     0     0
#Catch Data by District
#(catchData)
17803805     1403509     171541
#Escapement Data by Stock
#(escData)
13935306     177060     732502     919734     735024
#PARAMETERS TO BE ESTIMATED
#Number of Selectivity Parameters
#(NSELECTPAR)
5
#Selectivity to estimate for AGE GROUPS NOT GROUPS age groups are 1.2, 1.3, 2.2, 2.3 ect...
#1) Age Group, 2) phase, 3) StartValue, 4) min, 5) max
#(TempSelectivity)
1     2     0.1000010264     0.0     10
2     2     1.51005     0.0     10
3     2     2.82955     0.0     10
4     2     0.10000605087     0.0     10
5     2     0.960396     0.0     10
#Number of Availability Parameters
#(NAVAILPAR)
15
#Availability to estimate for stocks in districts (i.e. Alagnak in Egegik District)
#1) Availability group, 2) phase, 3) StartValue, 4) min, 5) max
#(TempAvailability)
1     -1     1.4851545     0     10
2     -1     0.191421792857143     0     10
3     -1     0.0404720613056471     0     10
4     -1     1.4904055     0     10
5     -1     0.130699197857143     0     10
6     -1     0.0433718788068764     0     10
7     -1     1.82306835714286     0     10
8     -1     0.237020228571429     0     10
9     -1     0.0261694169676093     0     10
10     -1     0.146338452142857     0     10
11     -1     4.02709571428571     0     10
12     -1     0.23133515     0     10
13     -1     0.0550396453127114     0     10
14     -1     0.413765242857143     0     10
15     -1     4.65865     0     10
#Total run size of each group (thousands): group number, estimation phase [neg=ignore], startValue, min, max
#(TempRunSize)
1     -1     0     0     35878481
2     -1     0     0     35878481
3     1     1.00000000796662     0     35878481
4     -1     0     0     35878481
5     -1     0     0     35878481
6     -1     0     0     35878481
7     1     564339     0     35878481
8     1     318729     0     35878481
9     1     4108.65     0     35878481
10     -1     0     0     35878481
11     1     17031.8     0     35878481
12     1     31973101     0     35878481
13     1     415921     0     35878481
14     -1     0     0     35878481
15     -1     0     0     35878481
16     1     7511.12     0     35878481
17     1     12157.8     0     35878481
18     -1     0     0     35878481
19     -1     0     0     35878481
20     -1     0     0     35878481
21     1     1.00000000398331     0     35878481
22     -1     0     0     35878481
23     -1     0     0     35878481
24     1     5021.35     0     35878481
25     1     245277     0     35878481
26     1     72845.9     0     35878481
27     -1     0     0     35878481
28     -1     0     0     35878481
29     -1     0     0     35878481
30     1     23360.7     0     35878481
31     1     60172.4     0     35878481
32     -1     0     0     35878481
33     -1     0     0     35878481
34     1     1.00000000398331     0     35878481
35     1     1.00000000398331     0     35878481
36     -1     0     0     35878481
37     -1     0     0     35878481
38     -1     0     0     35878481
39     1     1.00000000398331     0     35878481
40     -1     0     0     35878481
41     -1     0     0     35878481
42     -1     0     0     35878481
43     1     683303     0     35878481
44     1     460833     0     35878481
45     -1     0     0     35878481
46     -1     0     0     35878481
47     1     1632.66     0     35878481
48     1     632111     0     35878481
49     1     237224     0     35878481
50     -1     0     0     35878481
51     -1     0     0     35878481
52     1     3219.94     0     35878481
53     1     1.00000000398331     0     35878481
54     -1     0     0     35878481
55     -1     0     0     35878481
56     -1     0     0     35878481
57     1     171.002     0     35878481
58     -1     0     0     35878481
59     -1     0     0     35878481
60     -1     0     0     35878481
61     1     142905     0     35878481
62     1     10793.5     0     35878481
63     -1     0     0     35878481
64     -1     0     0     35878481
65     1     105.59     0     35878481
66     1     1402761     0     35878481
67     1     206894     0     35878481
68     -1     0     0     35878481
69     -1     0     0     35878481
70     1     68364.2     0     35878481
71     1     6860.9     0     35878481
72     -1     0     0     35878481
73     -1     0     0     35878481
74     -1     0     0     35878481
75     1     338.9     0     35878481
76     -1     0     0     35878481
77     -1     0     0     35878481
78     -1     0     0     35878481
79     1     654766     0     35878481
80     1     42445.4     0     35878481
81     -1     0     0     35878481
82     -1     0     0     35878481
83     -1     0     0     35878481
84     1     173816     0     35878481
85     1     12738.1     0     35878481
86     -1     0     0     35878481
87     -1     0     0     35878481
88     1     1.00000000398331     0     35878481
89     1     1.00000000398331     0     35878481
90     -1     0     0     35878481
#GROUP CODES
#These relate the groups to the various parameters of interest that could vary or be fixed
#1) Group number, 2) DistrictID, 3) StreamID, 4) Selectivity pointer, 5) AgeComp group ID
#(groupCodes)
1     1     1     1     1
2     1     1     2     2
3     1     1     3     3
4     1     1     4     4
5     1     1     5     5
6     1     1     1     6
7     1     1     2     7
8     1     1     3     8
9     1     1     4     9
10     1     1     5     10
11     1     1     1     11
12     1     1     2     12
13     1     1     3     13
14     1     1     4     14
15     1     1     1     15
16     1     1     2     16
17     1     1     3     17
18     1     1     4     18
19     1     2     1     1
20     1     2     2     2
21     1     2     3     3
22     1     2     4     4
23     1     2     5     5
24     1     2     1     6
25     1     2     2     7
26     1     2     3     8
27     1     2     4     9
28     1     2     5     10
29     1     2     1     11
30     1     2     2     12
31     1     2     3     13
32     1     2     4     14
33     1     2     1     15
34     1     2     2     16
35     1     2     3     17
36     1     2     4     18
37     1     3     1     1
38     1     3     2     2
39     1     3     3     3
40     1     3     4     4
41     1     3     5     5
42     1     3     1     6
43     1     3     2     7
44     1     3     3     8
45     1     3     4     9
46     1     3     5     10
47     1     3     1     11
48     1     3     2     12
49     1     3     3     13
50     1     3     4     14
51     1     3     1     15
52     1     3     2     16
53     1     3     3     17
54     1     3     4     18
55     2     4     1     1
56     2     4     2     2
57     2     4     3     3
58     2     4     4     4
59     2     4     5     5
60     2     4     1     6
61     2     4     2     7
62     2     4     3     8
63     2     4     4     9
64     2     4     5     10
65     2     4     1     11
66     2     4     2     12
67     2     4     3     13
68     2     4     4     14
69     2     4     1     15
70     2     4     2     16
71     2     4     3     17
72     2     4     4     18
73     3     5     1     1
74     3     5     2     2
75     3     5     3     3
76     3     5     4     4
77     3     5     5     5
78     3     5     1     6
79     3     5     2     7
80     3     5     3     8
81     3     5     4     9
82     3     5     5     10
83     3     5     1     11
84     3     5     2     12
85     3     5     3     13
86     3     5     4     14
87     3     5     1     15
88     3     5     2     16
89     3     5     3     17
90     3     5     4     18
#Testing code to ensure data was read in correctly, DO NOT CHANGE
#(testCode)
12345
