#SYRAH Annual input file, version number:
2.0
#DATA is for the east side in 1994
#(year)
1994
#CONSTANTS THAT DETERMINE ARRAY BOUNDS
#Number of districts
#(NDISTRICTS)
3
#Number of groups
#(NGROUPS)
90
#Number of stocks
#(NSTOCKS)
5
#Number of age groups recorded: 
#(NAGECOMPS)
18
#Age group labels (must be numeric!)
#(AgeCompLabels)
0.1 0.2 0.3 0.4 0.5 1.1 1.2 1.3 1.4 1.5 2.1 2.2 2.3 2.4 3.1 3.2 3.3 3.4
#Flag for genetic data by district: 1 = Data available, -1 = Data Unavailable 
#(GENdata)
-1 -1 -1
#Genetic fractions
#(GeneticFracData)
#1) District ID, 2) Sample Size, 3) Kvichank, 4) Alagnak, 5) Naknek, 6) Egegik, 7) Ugashik
1     -1     0     0     0     0     0
2     -1     0     0     0     0     0
3     -1     0     0     0     0     0
#Age composition for CATCH data
#(AgeCompCATCH)
1     7279     0     0     0.000465572     0.0001543702     0     0.0003065708     0.06227444     0.1360853     0.001852248     0     0.0003868587     0.7477872     0.04903913     0.0005709613     0     0.0009290884     0.0001482794     0
2     7714     0     0.0003223797     0.0001519048     0     0     0     0.02632477     0.03999278     0.0002113663     0     0.0003647814     0.4366625     0.4707121     0.002317019     0     0.01798764     0.004952765     0
3     5156     0     0.0003015091     0.00279024     0     0     0     0.0428755     0.08386661     0.00540256     0     0.0004744165     0.3681173     0.4793247     0.0072615     0     0.008035548     0.001550122     0
#Age composition for ESCAPEMENT data
#(AgeCompESC)
1     2805     0     0     0.0002340651     6.125996e-05     0     0.0001115452     0.09227303     0.03227784     6.125996e-05     0     0.008631566     0.843383     0.02296647     0     0     0     0     0
2     0     0     0     0     0     0     0     0.6011158     0.250188     0     0     0     0.1026919     0.0460043     0     0     0     0     0
3     1482     0     0.0007805517     0     0     0     0.008448101     0.2132288     0.1471583     0.003493522     0     0.04086493     0.4393938     0.1443665     0.002265572     0     0     0     0
4     3873     0.0004547913     0.0004351246     0     0     0     0.0006890997     0.05592351     0.008313032     0.0004547913     0     0.03433199     0.6197     0.249019     0.002765707     0.001013107     0.02522352     0.001676351     0
5     1861     0     0     0     0     0     0.005580361     0.1067333     0.03127809     0     0     0.009890017     0.6643297     0.1781791     0.003643474     0     0.0003659908     0     0
#Catch Data by District
#(catchData)
15079254     10750213     4352797
#Escapement Data by Stock
#(escData)
8355936     618464.2     990810     1897977     1095068
#PARAMETERS TO BE ESTIMATED
#Number of Selectivity Parameters
#(NSELECTPAR)
5
#Selectivity to estimate for AGE GROUPS NOT GROUPS age groups are 1.2, 1.3, 2.2, 2.3 ect...
#1) Age Group, 2) phase, 3) StartValue, 4) min, 5) max
#(TempSelectivity)
1     2     0.1351364     0.0     10
2     2     0.570078     0.0     10
3     2     0.781231     0.0     10
4     2     0.785543     0.0     10
5     2     3.22801     0.0     10
#Number of Availability Parameters
#(NAVAILPAR)
15
#Availability to estimate for stocks in districts (i.e. Alagnak in Egegik District)
#1) Availability group, 2) phase, 3) StartValue, 4) min, 5) max
#(TempAvailability)
1     -1     1.4851545     0     10
2     -1     0.191421792857143     0     10
3     -1     0.0404720613056471     0     10
4     -1     1.4904055     0     10
5     -1     0.130699197857143     0     10
6     -1     0.0433718788068764     0     10
7     -1     1.82306835714286     0     10
8     -1     0.237020228571429     0     10
9     -1     0.0261694169676093     0     10
10     -1     0.146338452142857     0     10
11     -1     4.02709571428571     0     10
12     -1     0.23133515     0     10
13     -1     0.0550396453127114     0     10
14     -1     0.413765242857143     0     10
15     -1     4.65865     0     10
#Total run size of each group (thousands): group number, estimation phase [neg=ignore], startValue, min, max
#(TempRunSize)
1     -1     0     0     43140519.25
2     1     1.00000000478956     0     43140519.25
3     1     8927.73     0     43140519.25
4     1     2252.61     0     43140519.25
5     -1     0     0     43140519.25
6     1     1596.47     0     43140519.25
7     1     2034481     0     43140519.25
8     1     1259061     0     43140519.25
9     1     2267.19     0     43140519.25
10     -1     0     0     43140519.25
11     1     116674     0     43140519.25
12     1     22653801     0     43140519.25
13     1     567387     0     43140519.25
14     1     1.00000000718434     0     43140519.25
15     -1     0     0     43140519.25
16     1     1.00000000478956     0     43140519.25
17     1     1.00000000478956     0     43140519.25
18     -1     0     0     43140519.25
19     -1     0     0     43140519.25
20     1     1.00000000957912     0     43140519.25
21     1     2617.96     0     43140519.25
22     1     1060.43     0     43140519.25
23     -1     0     0     43140519.25
24     1     33347.3     0     43140519.25
25     1     1.0000000287374     0     43140519.25
26     1     1660851     0     43140519.25
27     1     28771.7     0     43140519.25
28     -1     0     0     43140519.25
29     1     1.0000000526852     0     43140519.25
30     1     1.000000409507     0     43140519.25
31     1     1.0000000143687     0     43140519.25
32     1     1.000000043106     0     43140519.25
33     -1     0     0     43140519.25
34     1     1231.6     0     43140519.25
35     1     1.00000000718434     0     43140519.25
36     -1     0     0     43140519.25
37     -1     0     0     43140519.25
38     1     1439.5     0     43140519.25
39     1     1.00000000478956     0     43140519.25
40     1     1.00000000478956     0     43140519.25
41     -1     0     0     43140519.25
42     1     7490.85     0     43140519.25
43     1     410028     0     43140519.25
44     1     464539     0     43140519.25
45     1     11045.6     0     43140519.25
46     -1     0     0     43140519.25
47     1     36066.2     0     43140519.25
48     1     860454     0     43140519.25
49     1     432789     0     43140519.25
50     1     7071.2     0     43140519.25
51     -1     0     0     43140519.25
52     1     1.00000000478956     0     43140519.25
53     1     1.00000000478956     0     43140519.25
54     -1     0     0     43140519.25
55     1     1001.44     0     43140519.25
56     1     4584.6     0     43140519.25
57     1     1.00000000478956     0     43140519.25
58     1     1.00000000478956     0     43140519.25
59     -1     0     0     43140519.25
60     1     1519.17     0     43140519.25
61     1     387562     0     43140519.25
62     1     223788     0     43140519.25
63     1     5526.93     0     43140519.25
64     -1     0     0     43140519.25
65     1     76583.6     0     43140519.25
66     1     5040501     0     43140519.25
67     1     6150891     0     43140519.25
68     1     43169.4     0     43140519.25
69     1     2229.61     0     43140519.25
70     1     256537     0     43140519.25
71     1     63157.8     0     43140519.25
72     -1     0     0     43140519.25
73     -1     0     0     43140519.25
74     1     276.309     0     43140519.25
75     1     10215.8     0     43140519.25
76     1     1.00000000478956     0     43140519.25
77     -1     0     0     43140519.25
78     1     4614.65     0     43140519.25
79     1     299234     0     43140519.25
80     1     383267     0     43140519.25
81     1     18768     0     43140519.25
82     -1     0     0     43140519.25
83     1     8422.2     0     43140519.25
84     1     1981791     0     43140519.25
85     1     2087501     0     43140519.25
86     1     38383     0     43140519.25
87     -1     0     0     43140519.25
88     1     3121.41     0     43140519.25
89     1     160.643     0     43140519.25
90     -1     0     0     43140519.25
#GROUP CODES
#These relate the groups to the various parameters of interest that could vary or be fixed
#1) Group number, 2) DistrictID, 3) StreamID, 4) Selectivity pointer, 5) AgeComp group ID
#(groupCodes)
1     1     1     1     1
2     1     1     2     2
3     1     1     3     3
4     1     1     4     4
5     1     1     5     5
6     1     1     1     6
7     1     1     2     7
8     1     1     3     8
9     1     1     4     9
10     1     1     5     10
11     1     1     1     11
12     1     1     2     12
13     1     1     3     13
14     1     1     4     14
15     1     1     1     15
16     1     1     2     16
17     1     1     3     17
18     1     1     4     18
19     1     2     1     1
20     1     2     2     2
21     1     2     3     3
22     1     2     4     4
23     1     2     5     5
24     1     2     1     6
25     1     2     2     7
26     1     2     3     8
27     1     2     4     9
28     1     2     5     10
29     1     2     1     11
30     1     2     2     12
31     1     2     3     13
32     1     2     4     14
33     1     2     1     15
34     1     2     2     16
35     1     2     3     17
36     1     2     4     18
37     1     3     1     1
38     1     3     2     2
39     1     3     3     3
40     1     3     4     4
41     1     3     5     5
42     1     3     1     6
43     1     3     2     7
44     1     3     3     8
45     1     3     4     9
46     1     3     5     10
47     1     3     1     11
48     1     3     2     12
49     1     3     3     13
50     1     3     4     14
51     1     3     1     15
52     1     3     2     16
53     1     3     3     17
54     1     3     4     18
55     2     4     1     1
56     2     4     2     2
57     2     4     3     3
58     2     4     4     4
59     2     4     5     5
60     2     4     1     6
61     2     4     2     7
62     2     4     3     8
63     2     4     4     9
64     2     4     5     10
65     2     4     1     11
66     2     4     2     12
67     2     4     3     13
68     2     4     4     14
69     2     4     1     15
70     2     4     2     16
71     2     4     3     17
72     2     4     4     18
73     3     5     1     1
74     3     5     2     2
75     3     5     3     3
76     3     5     4     4
77     3     5     5     5
78     3     5     1     6
79     3     5     2     7
80     3     5     3     8
81     3     5     4     9
82     3     5     5     10
83     3     5     1     11
84     3     5     2     12
85     3     5     3     13
86     3     5     4     14
87     3     5     1     15
88     3     5     2     16
89     3     5     3     17
90     3     5     4     18
#Testing code to ensure data was read in correctly, DO NOT CHANGE
#(testCode)
12345
