#SYRAH Annual input file, version number:
2.0
#DATA is for the east side in 1974
#(year)
1974
#CONSTANTS THAT DETERMINE ARRAY BOUNDS
#Number of districts
#(NDISTRICTS)
3
#Number of groups
#(NGROUPS)
90
#Number of stocks
#(NSTOCKS)
5
#Number of age groups recorded: 
#(NAGECOMPS)
18
#Age group labels (must be numeric!)
#(AgeCompLabels)
0.1 0.2 0.3 0.4 0.5 1.1 1.2 1.3 1.4 1.5 2.1 2.2 2.3 2.4 3.1 3.2 3.3 3.4
#Flag for genetic data by district: 1 = Data available, -1 = Data Unavailable 
#(GENdata)
-1 -1 -1
#Genetic fractions
#(GeneticFracData)
#1) District ID, 2) Sample Size, 3) Kvichank, 4) Alagnak, 5) Naknek, 6) Egegik, 7) Ugashik
1     -1     0     0     0     0     0
2     -1     0     0     0     0     0
3     -1     0     0     0     0     0
#Age composition for CATCH data
#(AgeCompCATCH)
1     563     0     0     0     0     0     0     0.05443928     0.1354713     0     0     0.001727585     0.6714991     0.1341207     0     0     0.002741947     0     0
2     547     0     0     0     0     0     0     0.09157082     0.1073367     0     0     0     0.6228119     0.1782806     0     0     0     0     0
3     0     0     0     0     0     0     0.001157407     0.174839     0.1633478     0.001397907     0     0     0.4750699     0.1672706     0     0     0.01691729     0     0
#Age composition for ESCAPEMENT data
#(AgeCompESC)
1     1298     0     0     0     0     0     0     0.00648223     0.06645735     0.0009486914     0     0.005956342     0.8993475     0.02080784     0     0     0     0     0
2     257     0     0     0     0     0     0.00540844     0.3163488     0.2118611     0.009433962     0     0     0.4459728     0.01097494     0     0     0     0     0
3     1556     0     0     0     0     0     0.0001801647     0.1032041     0.1630584     0.000199445     0     0.01346809     0.5961151     0.1231388     0.0003542793     0     0.0002816388     0     0
4     967     0     0     0     0     0     0     0.04112871     0.06989708     0     0     0     0.7542579     0.1310673     0.001369221     0     0     0.002279852     0
5     482     0     0     0     0     0     0     0.05559489     0.08348006     0     0     0.003149625     0.791241     0.06477798     0.00175644     0     0     0     0
#Catch Data by District
#(catchData)
538163     172253     2151
#Escapement Data by Stock
#(escData)
4433844     214848     1241058     1275630     61854
#PARAMETERS TO BE ESTIMATED
#Number of Selectivity Parameters
#(NSELECTPAR)
5
#Selectivity to estimate for AGE GROUPS NOT GROUPS age groups are 1.2, 1.3, 2.2, 2.3 ect...
#1) Age Group, 2) phase, 3) StartValue, 4) min, 5) max
#(TempSelectivity)
1     2     0.334773     0.0     10
2     2     1.25478     0.0     10
3     2     2.04292     0.0     10
4     2     0.100000558969     0.0     10
5     2     1.76752     0.0     10
#Number of Availability Parameters
#(NAVAILPAR)
15
#Availability to estimate for stocks in districts (i.e. Alagnak in Egegik District)
#1) Availability group, 2) phase, 3) StartValue, 4) min, 5) max
#(TempAvailability)
1     -1     1.4851545     0     10
2     -1     0.191421792857143     0     10
3     -1     0.0404720613056471     0     10
4     -1     1.4904055     0     10
5     -1     0.130699197857143     0     10
6     -1     0.0433718788068764     0     10
7     -1     1.82306835714286     0     10
8     -1     0.237020228571429     0     10
9     -1     0.0261694169676093     0     10
10     -1     0.146338452142857     0     10
11     -1     4.02709571428571     0     10
12     -1     0.23133515     0     10
13     -1     0.0550396453127114     0     10
14     -1     0.413765242857143     0     10
15     -1     4.65865     0     10
#Total run size of each group (thousands): group number, estimation phase [neg=ignore], startValue, min, max
#(TempRunSize)
1     -1     0     0     7939801
2     -1     0     0     7939801
3     -1     0     0     7939801
4     -1     0     0     7939801
5     -1     0     0     7939801
6     1     1.00000000352598     0     7939801
7     1     26022.7     0     7939801
8     1     230293     0     7939801
9     1     3163.05     0     7939801
10     -1     0     0     7939801
11     1     20289.4     0     7939801
12     1     3221071     0     7939801
13     1     103344     0     7939801
14     -1     0     0     7939801
15     -1     0     0     7939801
16     1     4714.85     0     7939801
17     -1     0     0     7939801
18     -1     0     0     7939801
19     -1     0     0     7939801
20     -1     0     0     7939801
21     -1     0     0     7939801
22     -1     0     0     7939801
23     -1     0     0     7939801
24     1     1169.71     0     7939801
25     1     74099.5     0     7939801
26     1     51982.5     0     7939801
27     1     2019.48     0     7939801
28     -1     0     0     7939801
29     1     1.0000000008815     0     7939801
30     1     103841     0     7939801
31     1     2752.76     0     7939801
32     -1     0     0     7939801
33     -1     0     0     7939801
34     1     1.0000000008815     0     7939801
35     -1     0     0     7939801
36     -1     0     0     7939801
37     -1     0     0     7939801
38     -1     0     0     7939801
39     -1     0     0     7939801
40     -1     0     0     7939801
41     -1     0     0     7939801
42     1     271.246     0     7939801
43     1     191016     0     7939801
44     1     287427     0     7939801
45     1     314.355     0     7939801
46     -1     0     0     7939801
47     1     21671.8     0     7939801
48     1     1032751     0     7939801
49     1     266630     0     7939801
50     1     557.62     0     7939801
51     -1     0     0     7939801
52     1     1183.82     0     7939801
53     -1     0     0     7939801
54     -1     0     0     7939801
55     -1     0     0     7939801
56     -1     0     0     7939801
57     -1     0     0     7939801
58     -1     0     0     7939801
59     -1     0     0     7939801
60     1     1.00000000176299     0     7939801
61     1     103444     0     7939801
62     1     105993     0     7939801
63     1     1.00000000176299     0     7939801
64     -1     0     0     7939801
65     1     1.00000000176299     0     7939801
66     1     1086601     0     7939801
67     1     204365     0     7939801
68     1     1839.3     0     7939801
69     -1     0     0     7939801
70     1     1.00000000132224     0     7939801
71     1     1564.74     0     7939801
72     -1     0     0     7939801
73     -1     0     0     7939801
74     -1     0     0     7939801
75     -1     0     0     7939801
76     -1     0     0     7939801
77     -1     0     0     7939801
78     1     1.0000000008815     0     7939801
79     1     3524.62     0     7939801
80     1     5364.82     0     7939801
81     1     1.0000000008815     0     7939801
82     -1     0     0     7939801
83     1     196.509     0     7939801
84     1     50048.2     0     7939801
85     1     4164.34     0     7939801
86     1     109.596     0     7939801
87     -1     0     0     7939801
88     1     1.0000000008815     0     7939801
89     -1     0     0     7939801
90     -1     0     0     7939801
#GROUP CODES
#These relate the groups to the various parameters of interest that could vary or be fixed
#1) Group number, 2) DistrictID, 3) StreamID, 4) Selectivity pointer, 5) AgeComp group ID
#(groupCodes)
1     1     1     1     1
2     1     1     2     2
3     1     1     3     3
4     1     1     4     4
5     1     1     5     5
6     1     1     1     6
7     1     1     2     7
8     1     1     3     8
9     1     1     4     9
10     1     1     5     10
11     1     1     1     11
12     1     1     2     12
13     1     1     3     13
14     1     1     4     14
15     1     1     1     15
16     1     1     2     16
17     1     1     3     17
18     1     1     4     18
19     1     2     1     1
20     1     2     2     2
21     1     2     3     3
22     1     2     4     4
23     1     2     5     5
24     1     2     1     6
25     1     2     2     7
26     1     2     3     8
27     1     2     4     9
28     1     2     5     10
29     1     2     1     11
30     1     2     2     12
31     1     2     3     13
32     1     2     4     14
33     1     2     1     15
34     1     2     2     16
35     1     2     3     17
36     1     2     4     18
37     1     3     1     1
38     1     3     2     2
39     1     3     3     3
40     1     3     4     4
41     1     3     5     5
42     1     3     1     6
43     1     3     2     7
44     1     3     3     8
45     1     3     4     9
46     1     3     5     10
47     1     3     1     11
48     1     3     2     12
49     1     3     3     13
50     1     3     4     14
51     1     3     1     15
52     1     3     2     16
53     1     3     3     17
54     1     3     4     18
55     2     4     1     1
56     2     4     2     2
57     2     4     3     3
58     2     4     4     4
59     2     4     5     5
60     2     4     1     6
61     2     4     2     7
62     2     4     3     8
63     2     4     4     9
64     2     4     5     10
65     2     4     1     11
66     2     4     2     12
67     2     4     3     13
68     2     4     4     14
69     2     4     1     15
70     2     4     2     16
71     2     4     3     17
72     2     4     4     18
73     3     5     1     1
74     3     5     2     2
75     3     5     3     3
76     3     5     4     4
77     3     5     5     5
78     3     5     1     6
79     3     5     2     7
80     3     5     3     8
81     3     5     4     9
82     3     5     5     10
83     3     5     1     11
84     3     5     2     12
85     3     5     3     13
86     3     5     4     14
87     3     5     1     15
88     3     5     2     16
89     3     5     3     17
90     3     5     4     18
#Testing code to ensure data was read in correctly, DO NOT CHANGE
#(testCode)
12345
