#SYRAH Annual input file, version number:
2.0
#DATA is for the east side in 2004
#(year)
2004
#CONSTANTS THAT DETERMINE ARRAY BOUNDS
#Number of districts
#(NDISTRICTS)
3
#Number of groups
#(NGROUPS)
90
#Number of stocks
#(NSTOCKS)
5
#Number of age groups recorded: 
#(NAGECOMPS)
18
#Age group labels (must be numeric!)
#(AgeCompLabels)
0.1 0.2 0.3 0.4 0.5 1.1 1.2 1.3 1.4 1.5 2.1 2.2 2.3 2.4 3.1 3.2 3.3 3.4
#Flag for genetic data by district: 1 = Data available, -1 = Data Unavailable 
#(GENdata)
-1 -1 -1
#Genetic fractions
#(GeneticFracData)
#1) District ID, 2) Sample Size, 3) Kvichank, 4) Alagnak, 5) Naknek, 6) Egegik, 7) Ugashik
1     -1     0     0     0     0     0
2     -1     0     0     0     0     0
3     -1     0     0     0     0     0
#Age composition for CATCH data
#(AgeCompCATCH)
1     5148     0     0     0     0     0     0     0.25086     0.2013178     0.002970854     0     0     0.443366     0.09952494     0.001821288     0     9.097569e-05     0     4.817725e-05
2     6243     0     0     0     0     0     0     0.1333912     0.05348264     0.0001451989     0     0.0002972477     0.7522227     0.05551109     0.0003570853     0     0.001523223     0.003069592     0
3     3821     0     0     0     0     0     0     0.3992453     0.1675065     0.001061876     0     0     0.3726485     0.05844048     0     0     0.0007003185     0.0003970493     0
#Age composition for ESCAPEMENT data
#(AgeCompESC)
1     1471     0     0     0     0     0     0     0.2724274     0.02792345     0.00183165     0     0     0.6917687     0.006048795     0     0     0     0     0
2     1006     0     0     0     0     0     0.006555573     0.7921763     0.124001     0     0     0     0.07386483     0.003402307     0     0     0     0     0
3     1412     0     0     0     0     0     0     0.3365172     0.3372935     0.004570496     0     0     0.163798     0.1578208     0     0     0     0     0
4     1313     0     0     0     0     0     0     0.1360013     0.0253231     0     0     0.0174593     0.784028     0.03394858     0     0     0.0006260205     0.002613695     0
5     1374     0     0     0     0     0     0.000719709     0.4736076     0.1840283     0.0004489671     0     0.0004543342     0.2992549     0.0408499     0.0006362798     0     0     0     0
#Catch Data by District
#(catchData)
3732497     11187680     3219420
#Escapement Data by Stock
#(escData)
5500134     5396592     1939674     1290144     815104
#PARAMETERS TO BE ESTIMATED
#Number of Selectivity Parameters
#(NSELECTPAR)
5
#Selectivity to estimate for AGE GROUPS NOT GROUPS age groups are 1.2, 1.3, 2.2, 2.3 ect...
#1) Age Group, 2) phase, 3) StartValue, 4) min, 5) max
#(TempSelectivity)
1     2     0.1416167     0.0     10
2     2     1.025675     0.0     10
3     2     1.15654     0.0     10
4     2     1.28269     0.0     10
5     2     1.89348     0.0     10
#Number of Availability Parameters
#(NAVAILPAR)
15
#Availability to estimate for stocks in districts (i.e. Alagnak in Egegik District)
#1) Availability group, 2) phase, 3) StartValue, 4) min, 5) max
#(TempAvailability)
1     -1     1.4851545     0     10
2     -1     0.191421792857143     0     10
3     -1     0.0404720613056471     0     10
4     -1     1.4904055     0     10
5     -1     0.130699197857143     0     10
6     -1     0.0433718788068764     0     10
7     -1     1.82306835714286     0     10
8     -1     0.237020228571429     0     10
9     -1     0.0261694169676093     0     10
10     -1     0.146338452142857     0     10
11     -1     4.02709571428571     0     10
12     -1     0.23133515     0     10
13     -1     0.0550396453127114     0     10
14     -1     0.413765242857143     0     10
15     -1     4.65865     0     10
#Total run size of each group (thousands): group number, estimation phase [neg=ignore], startValue, min, max
#(TempRunSize)
1     -1     0     0     33081245
2     -1     0     0     33081245
3     -1     0     0     33081245
4     -1     0     0     33081245
5     -1     0     0     33081245
6     -1     0     0     33081245
7     1     1784531     0     33081245
8     1     254306     0     33081245
9     1     17313.6     0     33081245
10     -1     0     0     33081245
11     1     1.00000000367276     0     33081245
12     1     5551651     0     33081245
13     1     81609.4     0     33081245
14     1     9713.52     0     33081245
15     -1     0     0     33081245
16     1     1.00000000367276     0     33081245
17     1     1.00000000367276     0     33081245
18     1     248.839     0     33081245
19     -1     0     0     33081245
20     -1     0     0     33081245
21     -1     0     0     33081245
22     -1     0     0     33081245
23     -1     0     0     33081245
24     1     35372.8     0     33081245
25     1     4994311     0     33081245
26     1     1067421     0     33081245
27     1     1.00000000367276     0     33081245
28     -1     0     0     33081245
29     1     1.00000000367276     0     33081245
30     1     563969     0     33081245
31     1     42240.4     0     33081245
32     1     1.0000000440731     0     33081245
33     -1     0     0     33081245
34     1     1.00000000367276     0     33081245
35     1     1.00000000367276     0     33081245
36     1     1.0000000606005     0     33081245
37     -1     0     0     33081245
38     -1     0     0     33081245
39     -1     0     0     33081245
40     -1     0     0     33081245
41     -1     0     0     33081245
42     -1     0     0     33081245
43     1     903220     0     33081245
44     1     1096631     0     33081245
45     1     15720.3     0     33081245
46     -1     0     0     33081245
47     1     1.00000000367276     0     33081245
48     1     483406     0     33081245
49     1     595388     0     33081245
50     1     1.00000000367276     0     33081245
51     -1     0     0     33081245
52     1     1.00000000367276     0     33081245
53     1     1.00000000367276     0     33081245
54     1     1.00000000367276     0     33081245
55     -1     0     0     33081245
56     -1     0     0     33081245
57     -1     0     0     33081245
58     -1     0     0     33081245
59     -1     0     0     33081245
60     -1     0     0     33081245
61     1     1268051     0     33081245
62     1     383943     0     33081245
63     1     1.00000000367276     0     33081245
64     -1     0     0     33081245
65     1     24540.5     0     33081245
66     1     8935991     0     33081245
67     1     632006     0     33081245
68     1     1732.04     0     33081245
69     -1     0     0     33081245
70     1     14705.8     0     33081245
71     1     39396.5     0     33081245
72     1     1.00000000367276     0     33081245
73     -1     0     0     33081245
74     -1     0     0     33081245
75     -1     0     0     33081245
76     -1     0     0     33081245
77     -1     0     0     33081245
78     1     611.361     0     33081245
79     1     1809451     0     33081245
80     1     879195     0     33081245
81     1     4243.97     0     33081245
82     -1     0     0     33081245
83     1     386.726     0     33081245
84     1     1148021     0     33081245
85     1     227431     0     33081245
86     1     2042.17     0     33081245
87     -1     0     0     33081245
88     1     448.45     0     33081245
89     1     1.00000000367276     0     33081245
90     1     1.00000000367276     0     33081245
#GROUP CODES
#These relate the groups to the various parameters of interest that could vary or be fixed
#1) Group number, 2) DistrictID, 3) StreamID, 4) Selectivity pointer, 5) AgeComp group ID
#(groupCodes)
1     1     1     1     1
2     1     1     2     2
3     1     1     3     3
4     1     1     4     4
5     1     1     5     5
6     1     1     1     6
7     1     1     2     7
8     1     1     3     8
9     1     1     4     9
10     1     1     5     10
11     1     1     1     11
12     1     1     2     12
13     1     1     3     13
14     1     1     4     14
15     1     1     1     15
16     1     1     2     16
17     1     1     3     17
18     1     1     4     18
19     1     2     1     1
20     1     2     2     2
21     1     2     3     3
22     1     2     4     4
23     1     2     5     5
24     1     2     1     6
25     1     2     2     7
26     1     2     3     8
27     1     2     4     9
28     1     2     5     10
29     1     2     1     11
30     1     2     2     12
31     1     2     3     13
32     1     2     4     14
33     1     2     1     15
34     1     2     2     16
35     1     2     3     17
36     1     2     4     18
37     1     3     1     1
38     1     3     2     2
39     1     3     3     3
40     1     3     4     4
41     1     3     5     5
42     1     3     1     6
43     1     3     2     7
44     1     3     3     8
45     1     3     4     9
46     1     3     5     10
47     1     3     1     11
48     1     3     2     12
49     1     3     3     13
50     1     3     4     14
51     1     3     1     15
52     1     3     2     16
53     1     3     3     17
54     1     3     4     18
55     2     4     1     1
56     2     4     2     2
57     2     4     3     3
58     2     4     4     4
59     2     4     5     5
60     2     4     1     6
61     2     4     2     7
62     2     4     3     8
63     2     4     4     9
64     2     4     5     10
65     2     4     1     11
66     2     4     2     12
67     2     4     3     13
68     2     4     4     14
69     2     4     1     15
70     2     4     2     16
71     2     4     3     17
72     2     4     4     18
73     3     5     1     1
74     3     5     2     2
75     3     5     3     3
76     3     5     4     4
77     3     5     5     5
78     3     5     1     6
79     3     5     2     7
80     3     5     3     8
81     3     5     4     9
82     3     5     5     10
83     3     5     1     11
84     3     5     2     12
85     3     5     3     13
86     3     5     4     14
87     3     5     1     15
88     3     5     2     16
89     3     5     3     17
90     3     5     4     18
#Testing code to ensure data was read in correctly, DO NOT CHANGE
#(testCode)
12345
