#SYRAH Annual input file, version number:
2.0
#DATA is for the east side in 1978
#(year)
1978
#CONSTANTS THAT DETERMINE ARRAY BOUNDS
#Number of districts
#(NDISTRICTS)
3
#Number of groups
#(NGROUPS)
90
#Number of stocks
#(NSTOCKS)
5
#Number of age groups recorded: 
#(NAGECOMPS)
18
#Age group labels (must be numeric!)
#(AgeCompLabels)
0.1 0.2 0.3 0.4 0.5 1.1 1.2 1.3 1.4 1.5 2.1 2.2 2.3 2.4 3.1 3.2 3.3 3.4
#Flag for genetic data by district: 1 = Data available, -1 = Data Unavailable 
#(GENdata)
-1 -1 -1
#Genetic fractions
#(GeneticFracData)
#1) District ID, 2) Sample Size, 3) Kvichank, 4) Alagnak, 5) Naknek, 6) Egegik, 7) Ugashik
1     -1     0     0     0     0     0
2     -1     0     0     0     0     0
3     -1     0     0     0     0     0
#Age composition for CATCH data
#(AgeCompCATCH)
1     2496     0     0     0.0002866457     0.000771234     0     0     0.6340039     0.1834607     0.003168317     0     0.0015431     0.07357579     0.09878352     0.001776829     0     0.001255698     0.001374253     0
2     1535     0     0     0     0     0     0     0.08059411     0.06949822     0     0     0     0.2455981     0.5513281     0.0006756461     0     0.02479829     0.02750759     0
3     33     0     0     0     0     0     0     0.06060606     0.09090909     0     0     0.03030303     0.2424242     0.4848485     0.03030303     0     0.03030303     0.03030303     0
#Age composition for ESCAPEMENT data
#(AgeCompESC)
1     2014     0     0     0     0     0     0.001413014     0.7767987     0.1003209     0.001050747     0     0.06484577     0.03211899     0.0234519     0     0     0     0     0
2     0     0     0     0     0     0     0     0.6011158     0.250188     0     0     0     0.1026919     0.0460043     0     0     0     0     0
3     1580     0     0     0     0     0     0.0009809511     0.13947     0.2704775     0.0005904918     0     0.001718818     0.3166259     0.2609795     0.003504956     0     0.002062557     0.003589335     0
4     1923     0     0     0     0     0     0     0.04298915     0.04143339     0.0002102018     0     0.01289064     0.3049068     0.5562144     0     0     0.02085487     0.02050054     0
5     894     0     0     0     0     0     0.01379366     0.1297453     0.07288064     0     0     0.1530035     0.2082434     0.4002486     0.001566577     0     0.0132477     0.007270652     0
#Catch Data by District
#(catchData)
5123668     1207294     7995
#Escapement Data by Stock
#(escData)
4149288     584970     813378     895698     82435
#PARAMETERS TO BE ESTIMATED
#Number of Selectivity Parameters
#(NSELECTPAR)
5
#Selectivity to estimate for AGE GROUPS NOT GROUPS age groups are 1.2, 1.3, 2.2, 2.3 ect...
#1) Age Group, 2) phase, 3) StartValue, 4) min, 5) max
#(TempSelectivity)
1     2     0.312833     0.0     10
2     2     0.816483     0.0     10
3     2     1.023458     0.0     10
4     2     2.02356     0.0     10
5     2     1.32367     0.0     10
#Number of Availability Parameters
#(NAVAILPAR)
15
#Availability to estimate for stocks in districts (i.e. Alagnak in Egegik District)
#1) Availability group, 2) phase, 3) StartValue, 4) min, 5) max
#(TempAvailability)
1     -1     1.4851545     0     10
2     -1     0.191421792857143     0     10
3     -1     0.0404720613056471     0     10
4     -1     1.4904055     0     10
5     -1     0.130699197857143     0     10
6     -1     0.0433718788068764     0     10
7     -1     1.82306835714286     0     10
8     -1     0.237020228571429     0     10
9     -1     0.0261694169676093     0     10
10     -1     0.146338452142857     0     10
11     -1     4.02709571428571     0     10
12     -1     0.23133515     0     10
13     -1     0.0550396453127114     0     10
14     -1     0.413765242857143     0     10
15     -1     4.65865     0     10
#Total run size of each group (thousands): group number, estimation phase [neg=ignore], startValue, min, max
#(TempRunSize)
1     -1     0     0     12864726
2     -1     0     0     12864726
3     1     1.00000000642722     0     12864726
4     1     1.0000000164251     0     12864726
5     -1     0     0     12864726
6     1     4361.53     0     12864726
7     1     4678841     0     12864726
8     1     755328     0     12864726
9     1     11470.3     0     12864726
10     -1     0     0     12864726
11     1     210602     0     12864726
12     1     188928     0     12864726
13     1     161502     0     12864726
14     1     1.00000000785549     0     12864726
15     -1     0     0     12864726
16     1     1.00000000428481     0     12864726
17     1     1.00000000428481     0     12864726
18     -1     0     0     12864726
19     -1     0     0     12864726
20     -1     0     0     12864726
21     1     1927.67     0     12864726
22     1     3258.28     0     12864726
23     -1     0     0     12864726
24     -1     0     0     12864726
25     1     949592     0     12864726
26     1     279279     0     12864726
27     1     1.000000026423     0     12864726
28     -1     0     0     12864726
29     1     1.000000042134     0     12864726
30     1     1.000000404915     0     12864726
31     1     1.000000135686     0     12864726
32     1     1.0000000278513     0     12864726
33     -1     0     0     12864726
34     1     79.8384     0     12864726
35     1     1.0000000449906     0     12864726
36     -1     0     0     12864726
37     -1     0     0     12864726
38     -1     0     0     12864726
39     1     1.00000000214241     0     12864726
40     1     1.00000000928376     0     12864726
41     -1     0     0     12864726
42     1     732.841     0     12864726
43     1     208927     0     12864726
44     1     532954     0     12864726
45     1     4895.84     0     12864726
46     -1     0     0     12864726
47     1     1297.24     0     12864726
48     1     465793     0     12864726
49     1     500282     0     12864726
50     1     22158.6     0     12864726
51     -1     0     0     12864726
52     1     3028.91     0     12864726
53     1     6520.13     0     12864726
54     -1     0     0     12864726
55     -1     0     0     12864726
56     -1     0     0     12864726
57     1     1.00000000142827     0     12864726
58     1     1.00000000142827     0     12864726
59     -1     0     0     12864726
60     -1     0     0     12864726
61     1     99734.6     0     12864726
62     1     146296     0     12864726
63     1     236.137     0     12864726
64     -1     0     0     12864726
65     1     25320.7     0     12864726
66     1     998001     0     12864726
67     1     1907891     0     12864726
68     1     1.00000000357068     0     12864726
69     -1     0     0     12864726
70     1     94620.5     0     12864726
71     1     96855.2     0     12864726
72     -1     0     0     12864726
73     -1     0     0     12864726
74     -1     0     0     12864726
75     1     1.00000000142827     0     12864726
76     1     1.00000000142827     0     12864726
77     -1     0     0     12864726
78     1     2011.11     0     12864726
79     1     17970.8     0     12864726
80     1     12762.8     0     12864726
81     1     1.00000000142827     0     12864726
82     -1     0     0     12864726
83     1     26248.1     0     12864726
84     1     38425.3     0     12864726
85     1     70521.2     0     12864726
86     1     2816.1     0     12864726
87     -1     0     0     12864726
88     1     3154.46     0     12864726
89     1     1815.77     0     12864726
90     -1     0     0     12864726
#GROUP CODES
#These relate the groups to the various parameters of interest that could vary or be fixed
#1) Group number, 2) DistrictID, 3) StreamID, 4) Selectivity pointer, 5) AgeComp group ID
#(groupCodes)
1     1     1     1     1
2     1     1     2     2
3     1     1     3     3
4     1     1     4     4
5     1     1     5     5
6     1     1     1     6
7     1     1     2     7
8     1     1     3     8
9     1     1     4     9
10     1     1     5     10
11     1     1     1     11
12     1     1     2     12
13     1     1     3     13
14     1     1     4     14
15     1     1     1     15
16     1     1     2     16
17     1     1     3     17
18     1     1     4     18
19     1     2     1     1
20     1     2     2     2
21     1     2     3     3
22     1     2     4     4
23     1     2     5     5
24     1     2     1     6
25     1     2     2     7
26     1     2     3     8
27     1     2     4     9
28     1     2     5     10
29     1     2     1     11
30     1     2     2     12
31     1     2     3     13
32     1     2     4     14
33     1     2     1     15
34     1     2     2     16
35     1     2     3     17
36     1     2     4     18
37     1     3     1     1
38     1     3     2     2
39     1     3     3     3
40     1     3     4     4
41     1     3     5     5
42     1     3     1     6
43     1     3     2     7
44     1     3     3     8
45     1     3     4     9
46     1     3     5     10
47     1     3     1     11
48     1     3     2     12
49     1     3     3     13
50     1     3     4     14
51     1     3     1     15
52     1     3     2     16
53     1     3     3     17
54     1     3     4     18
55     2     4     1     1
56     2     4     2     2
57     2     4     3     3
58     2     4     4     4
59     2     4     5     5
60     2     4     1     6
61     2     4     2     7
62     2     4     3     8
63     2     4     4     9
64     2     4     5     10
65     2     4     1     11
66     2     4     2     12
67     2     4     3     13
68     2     4     4     14
69     2     4     1     15
70     2     4     2     16
71     2     4     3     17
72     2     4     4     18
73     3     5     1     1
74     3     5     2     2
75     3     5     3     3
76     3     5     4     4
77     3     5     5     5
78     3     5     1     6
79     3     5     2     7
80     3     5     3     8
81     3     5     4     9
82     3     5     5     10
83     3     5     1     11
84     3     5     2     12
85     3     5     3     13
86     3     5     4     14
87     3     5     1     15
88     3     5     2     16
89     3     5     3     17
90     3     5     4     18
#Testing code to ensure data was read in correctly, DO NOT CHANGE
#(testCode)
12345
