#SYRAH Annual input file, version number:
2.0
#DATA is for the east side in 2002
#(year)
2002
#CONSTANTS THAT DETERMINE ARRAY BOUNDS
#Number of districts
#(NDISTRICTS)
3
#Number of groups
#(NGROUPS)
90
#Number of stocks
#(NSTOCKS)
5
#Number of age groups recorded: 
#(NAGECOMPS)
18
#Age group labels (must be numeric!)
#(AgeCompLabels)
0.1 0.2 0.3 0.4 0.5 1.1 1.2 1.3 1.4 1.5 2.1 2.2 2.3 2.4 3.1 3.2 3.3 3.4
#Flag for genetic data by district: 1 = Data available, -1 = Data Unavailable 
#(GENdata)
1 1 1
#Genetic fractions
#(GeneticFracData)
#1) District ID, 2) Sample Size, 3) Kvichank, 4) Alagnak, 5) Naknek, 6) Egegik, 7) Ugashik
1     336     0.0258     0.074     0.777     0.1157     0.0014
2     326     0.0159     0.0084     0.043     0.8454     0.0808
3     326     0.0224     0.0277     0.0208     0.2118     0.7117
#Age composition for CATCH data
#(AgeCompCATCH)
1     4400     0     0     0     0     0     0     0.1810907     0.3172981     0.03319308     0     0     0.3310606     0.1357817     0.0006853943     0     0.0006835196     0.000206961     0
2     4866     0     0     0     0     0     0     0.01838311     0.05312653     0.006395999     0     0.0002839527     0.6338923     0.2788097     0.0008976853     0.0002839527     0.006299405     0.00162741     0
3     2088     0     0     0     0     0     0     0.02373471     0.2504248     0.007033715     0     0.000206501     0.6716891     0.04558152     6.893138e-05     0     0.001260741     0     0
#Age composition for ESCAPEMENT data
#(AgeCompESC)
1     1323     0     0     0     0     0     0.0005051008     0.4428322     0.1430223     0.00865987     0     0.0008667267     0.3801948     0.02205527     0.001863734     0     0     0     0
2     0     0     0     0     0     0     0.0002586018     0.4627819     0.4065598     0.006544372     0     0     0.02762097     0.09623435     0     0     0     0     0
3     1460     0     0     0     0     0     0     0.2595876     0.3140463     0.0451931     0     0.001178915     0.2413491     0.1368259     0.00181907     0     0     0     0
4     1290     0     0     0     0     0     0     0.00463711     0.03970596     0.007409847     0     0.01052282     0.5516823     0.3639279     0.00627407     0.0082332     0.003402484     0.004204352     0
5     1321     0     0     0     0     0     0.0038052     0.105676     0.2619197     0.0006346572     0     2.018071e-05     0.6226253     0.004684275     0.0006346572     0     0     0     0
#Catch Data by District
#(catchData)
35058     4610374     1573234
#Escapement Data by Stock
#(escData)
703884     766962     1263918     1036092     905584
#PARAMETERS TO BE ESTIMATED
#Number of Selectivity Parameters
#(NSELECTPAR)
5
#Selectivity to estimate for AGE GROUPS NOT GROUPS age groups are 1.2, 1.3, 2.2, 2.3 ect...
#1) Age Group, 2) phase, 3) StartValue, 4) min, 5) max
#(TempSelectivity)
1     2     0.1729436     0.0     10
2     2     1.20454     0.0     10
3     2     1.097479     0.0     10
4     2     0.730739     0.0     10
5     2     2.2943     0.0     10
#Number of Availability Parameters
#(NAVAILPAR)
15
#Availability to estimate for stocks in districts (i.e. Alagnak in Egegik District)
#1) Availability group, 2) phase, 3) StartValue, 4) min, 5) max
#(TempAvailability)
1     2     0.323143     0.0     10
2     2     0.331584     0.0     10
3     2     0.3131     0.0     10
4     2     0.851447     0.0     10
5     2     0.237828     0.0     10
6     2     0.528136     0.0     10
7     2     3.95859     0.0     10
8     2     0.46351     0.0     10
9     2     0.220351     0.0     10
10     2     0.262503     0.0     10
11     2     3.93375     0.0     10
12     2     0.470863     0.0     10
13     2     0.10431949     0.0     10
14     2     0.533332     0.0     10
15     2     3.96755     0.0     10
#Total run size of each group (thousands): group number, estimation phase [neg=ignore], startValue, min, max
#(TempRunSize)
1     -1     0     0     10895106
2     -1     0     0     10895106
3     -1     0     0     10895106
4     -1     0     0     10895106
5     -1     0     0     10895106
6     1     358.391     0     10895106
7     1     350365     0     10895106
8     1     113852     0     10895106
9     1     6603.42     0     10895106
10     -1     0     0     10895106
11     1     617.215     0     10895106
12     1     307305     0     10895106
13     1     17456.2     0     10895106
14     1     1394.79     0     10895106
15     1     1.0000000012096     0     10895106
16     1     1.0000000012096     0     10895106
17     1     1.0000000012096     0     10895106
18     -1     0     0     10895106
19     -1     0     0     10895106
20     -1     0     0     10895106
21     -1     0     0     10895106
22     -1     0     0     10895106
23     -1     0     0     10895106
24     1     1.0000000737856     0     10895106
25     1     1.0000000108864     0     10895106
26     1     587339     0     10895106
27     1     195878     0     10895106
28     -1     0     0     10895106
29     1     7812.03     0     10895106
30     1     65043.8     0     10895106
31     1     1.000000054432     0     10895106
32     1     1.0000000193536     0     10895106
33     1     1.0000000852768     0     10895106
34     1     1.00000165413     0     10895106
35     1     1.0000000133056     0     10895106
36     -1     0     0     10895106
37     -1     0     0     10895106
38     -1     0     0     10895106
39     -1     0     0     10895106
40     -1     0     0     10895106
41     -1     0     0     10895106
42     -1     0     0     10895106
43     1     353154     0     10895106
44     1     484075     0     10895106
45     1     64455.9     0     10895106
46     -1     0     0     10895106
47     1     1446.09     0     10895106
48     1     390973     0     10895106
49     1     203246     0     10895106
50     1     2263.09     0     10895106
51     1     1.0000000012096     0     10895106
52     1     1.0000000018144     0     10895106
53     1     1.0000000012096     0     10895106
54     -1     0     0     10895106
55     -1     0     0     10895106
56     -1     0     0     10895106
57     -1     0     0     10895106
58     -1     0     0     10895106
59     -1     0     0     10895106
60     -1     0     0     10895106
61     1     19230     0     10895106
62     1     170560     0     10895106
63     1     21047.6     0     10895106
64     -1     0     0     10895106
65     1     12153.1     0     10895106
66     1     3361381     0     10895106
67     1     1682941     0     10895106
68     1     13336.7     0     10895106
69     1     9488.63     0     10895106
70     1     29265     0     10895106
71     1     14233.7     0     10895106
72     -1     0     0     10895106
73     -1     0     0     10895106
74     -1     0     0     10895106
75     -1     0     0     10895106
76     -1     0     0     10895106
77     -1     0     0     10895106
78     1     3540.68     0     10895106
79     1     172410     0     10895106
80     1     623982     0     10895106
81     1     1003.1     0     10895106
82     -1     0     0     10895106
83     1     21.6501     0     10895106
84     1     1596731     0     10895106
85     1     8620.35     0     10895106
86     1     755.263     0     10895106
87     1     1.0000000012096     0     10895106
88     1     1.000000003024     0     10895106
89     1     1.0000000012096     0     10895106
90     -1     0     0     10895106
#GROUP CODES
#These relate the groups to the various parameters of interest that could vary or be fixed
#1) Group number, 2) DistrictID, 3) StreamID, 4) Selectivity pointer, 5) AgeComp group ID
#(groupCodes)
1     1     1     1     1
2     1     1     2     2
3     1     1     3     3
4     1     1     4     4
5     1     1     5     5
6     1     1     1     6
7     1     1     2     7
8     1     1     3     8
9     1     1     4     9
10     1     1     5     10
11     1     1     1     11
12     1     1     2     12
13     1     1     3     13
14     1     1     4     14
15     1     1     1     15
16     1     1     2     16
17     1     1     3     17
18     1     1     4     18
19     1     2     1     1
20     1     2     2     2
21     1     2     3     3
22     1     2     4     4
23     1     2     5     5
24     1     2     1     6
25     1     2     2     7
26     1     2     3     8
27     1     2     4     9
28     1     2     5     10
29     1     2     1     11
30     1     2     2     12
31     1     2     3     13
32     1     2     4     14
33     1     2     1     15
34     1     2     2     16
35     1     2     3     17
36     1     2     4     18
37     1     3     1     1
38     1     3     2     2
39     1     3     3     3
40     1     3     4     4
41     1     3     5     5
42     1     3     1     6
43     1     3     2     7
44     1     3     3     8
45     1     3     4     9
46     1     3     5     10
47     1     3     1     11
48     1     3     2     12
49     1     3     3     13
50     1     3     4     14
51     1     3     1     15
52     1     3     2     16
53     1     3     3     17
54     1     3     4     18
55     2     4     1     1
56     2     4     2     2
57     2     4     3     3
58     2     4     4     4
59     2     4     5     5
60     2     4     1     6
61     2     4     2     7
62     2     4     3     8
63     2     4     4     9
64     2     4     5     10
65     2     4     1     11
66     2     4     2     12
67     2     4     3     13
68     2     4     4     14
69     2     4     1     15
70     2     4     2     16
71     2     4     3     17
72     2     4     4     18
73     3     5     1     1
74     3     5     2     2
75     3     5     3     3
76     3     5     4     4
77     3     5     5     5
78     3     5     1     6
79     3     5     2     7
80     3     5     3     8
81     3     5     4     9
82     3     5     5     10
83     3     5     1     11
84     3     5     2     12
85     3     5     3     13
86     3     5     4     14
87     3     5     1     15
88     3     5     2     16
89     3     5     3     17
90     3     5     4     18
#Testing code to ensure data was read in correctly, DO NOT CHANGE
#(testCode)
12345
