#SYRAH Annual input file, version number:
2.0
#DATA is for the east side in 1996
#(year)
1996
#CONSTANTS THAT DETERMINE ARRAY BOUNDS
#Number of districts
#(NDISTRICTS)
3
#Number of groups
#(NGROUPS)
90
#Number of stocks
#(NSTOCKS)
5
#Number of age groups recorded: 
#(NAGECOMPS)
18
#Age group labels (must be numeric!)
#(AgeCompLabels)
0.1 0.2 0.3 0.4 0.5 1.1 1.2 1.3 1.4 1.5 2.1 2.2 2.3 2.4 3.1 3.2 3.3 3.4
#Flag for genetic data by district: 1 = Data available, -1 = Data Unavailable 
#(GENdata)
-1 -1 -1
#Genetic fractions
#(GeneticFracData)
#1) District ID, 2) Sample Size, 3) Kvichank, 4) Alagnak, 5) Naknek, 6) Egegik, 7) Ugashik
1     -1     0     0     0     0     0
2     -1     0     0     0     0     0
3     -1     0     0     0     0     0
#Age composition for CATCH data
#(AgeCompCATCH)
1     6608     0     0     0.004009593     0     0     0     0.05724671     0.6611082     0.0008922585     0     0     0.06472074     0.2116762     0.0001365153     0     9.693363e-05     0.0001128319     0
2     7259     0     0     0.002421353     5.600615e-05     0     0.0001515271     0.02488592     0.3078217     0.0001857538     0     0.000647336     0.2688923     0.3917656     9.856756e-05     0     0.001124297     0.001949647     0
3     4441     0     0     0.01060727     0     0     0     0.03029872     0.5849409     0.0004023171     0     0     0.1244527     0.2479122     0.0003148862     0     0.0003738018     0.0006971783     0
#Age composition for ESCAPEMENT data
#(AgeCompESC)
1     1305     0     0     0.000755112     0     0     0.0001209399     0.1474475     0.2400967     0     0     0.001182249     0.2507991     0.3595984     0     0     0     0     0
2     0     0     0     0     0     0     0     0.6011158     0.250188     0     0     0     0.1026919     0.0460043     0     0     0     0     0
3     1290     0     0     0.001163362     0     0     9.419617e-05     0.03779584     0.7341254     0.00110984     0     0.0003933811     0.03698504     0.1883329     0     0     0     0     0
4     1252     0     0     0.0004844961     0     0     0     0.0232322     0.2037473     0.0006459948     0     0.03028649     0.2649308     0.473898     0     0     0.0007792799     0.001995359     0
5     1260     0     0.0003992016     0.008890604     0     0     0.002329299     0.08628209     0.7263553     0.0005572189     0     0.01153112     0.08241395     0.08124124     0     0     0     0     0
#Catch Data by District
#(catchData)
7962914     10809115     4411055
#Escapement Data by Stock
#(escData)
1450578     782212.5     1078098     1076460     692167
#PARAMETERS TO BE ESTIMATED
#Number of Selectivity Parameters
#(NSELECTPAR)
5
#Selectivity to estimate for AGE GROUPS NOT GROUPS age groups are 1.2, 1.3, 2.2, 2.3 ect...
#1) Age Group, 2) phase, 3) StartValue, 4) min, 5) max
#(TempSelectivity)
1     2     0.1804942     0.0     10
2     2     1.027904     0.0     10
3     2     1.053647     0.0     10
4     2     1.0224     0.0     10
5     2     2.21555     0.0     10
#Number of Availability Parameters
#(NAVAILPAR)
15
#Availability to estimate for stocks in districts (i.e. Alagnak in Egegik District)
#1) Availability group, 2) phase, 3) StartValue, 4) min, 5) max
#(TempAvailability)
1     -1     1.4851545     0     10
2     -1     0.191421792857143     0     10
3     -1     0.0404720613056471     0     10
4     -1     1.4904055     0     10
5     -1     0.130699197857143     0     10
6     -1     0.0433718788068764     0     10
7     -1     1.82306835714286     0     10
8     -1     0.237020228571429     0     10
9     -1     0.0261694169676093     0     10
10     -1     0.146338452142857     0     10
11     -1     4.02709571428571     0     10
12     -1     0.23133515     0     10
13     -1     0.0550396453127114     0     10
14     -1     0.413765242857143     0     10
15     -1     4.65865     0     10
#Total run size of each group (thousands): group number, estimation phase [neg=ignore], startValue, min, max
#(TempRunSize)
1     -1     0     0     28262599.5
2     -1     0     0     28262599.5
3     1     2271.82     0     28262599.5
4     1     1.00000000313778     0     28262599.5
5     -1     0     0     28262599.5
6     1     137.326     0     28262599.5
7     1     427509     0     28262599.5
8     1     720625     0     28262599.5
9     1     1.00000000313778     0     28262599.5
10     -1     0     0     28262599.5
11     1     1294.05     0     28262599.5
12     1     674715     0     28262599.5
13     1     1056151     0     28262599.5
14     1     1.00000000313778     0     28262599.5
15     -1     0     0     28262599.5
16     1     1.00000000313778     0     28262599.5
17     1     1.00000000313778     0     28262599.5
18     -1     0     0     28262599.5
19     -1     0     0     28262599.5
20     -1     0     0     28262599.5
21     1     39446.5     0     28262599.5
22     1     1.00000000470667     0     28262599.5
23     -1     0     0     28262599.5
24     1     2783     0     28262599.5
25     1     39781.1     0     28262599.5
26     1     2716351     0     28262599.5
27     1     4116.18     0     28262599.5
28     -1     0     0     28262599.5
29     1     1.0000000219645     0     28262599.5
30     1     1.00000001412     0     28262599.5
31     1     1.0000000690311     0     28262599.5
32     1     1901.24     0     28262599.5
33     -1     0     0     28262599.5
34     1     1.0000000203956     0     28262599.5
35     1     1.00000000784445     0     28262599.5
36     -1     0     0     28262599.5
37     -1     0     0     28262599.5
38     -1     0     0     28262599.5
39     1     6415.35     0     28262599.5
40     1     1.00000000313778     0     28262599.5
41     -1     0     0     28262599.5
42     1     149.396     0     28262599.5
43     1     198299     0     28262599.5
44     1     4032681     0     28262599.5
45     1     5708.66     0     28262599.5
46     -1     0     0     28262599.5
47     1     589.552     0     28262599.5
48     1     166972     0     28262599.5
49     1     986468     0     28262599.5
50     1     1.00000000313778     0     28262599.5
51     -1     0     0     28262599.5
52     1     1.00000000313778     0     28262599.5
53     1     1.00000000313778     0     28262599.5
54     -1     0     0     28262599.5
55     -1     0     0     28262599.5
56     -1     0     0     28262599.5
57     1     10920.5     0     28262599.5
58     1     307.117     0     28262599.5
59     -1     0     0     28262599.5
60     1     1.00000000313778     0     28262599.5
61     1     248226     0     28262599.5
62     1     2799311     0     28262599.5
63     1     4969.26     0     28262599.5
64     -1     0     0     28262599.5
65     1     42226.1     0     28262599.5
66     1     3280301     0     28262599.5
67     1     5920821     0     28262599.5
68     1     443.451     0     28262599.5
69     -1     0     0     28262599.5
70     1     13123.7     0     28262599.5
71     1     27706.6     0     28262599.5
72     -1     0     0     28262599.5
73     -1     0     0     28262599.5
74     1     1011.01     0     28262599.5
75     1     54799.9     0     28262599.5
76     1     1.00000000313778     0     28262599.5
77     -1     0     0     28262599.5
78     1     1488.07     0     28262599.5
79     1     300485     0     28262599.5
80     1     3556571     0     28262599.5
81     1     2258.07     0     28262599.5
82     -1     0     0     28262599.5
83     1     7097.44     0     28262599.5
84     1     410664     0     28262599.5
85     1     593565     0     28262599.5
86     1     781.135     0     28262599.5
87     -1     0     0     28262599.5
88     1     1.00000000941334     0     28262599.5
89     1     1.00000000470667     0     28262599.5
90     -1     0     0     28262599.5
#GROUP CODES
#These relate the groups to the various parameters of interest that could vary or be fixed
#1) Group number, 2) DistrictID, 3) StreamID, 4) Selectivity pointer, 5) AgeComp group ID
#(groupCodes)
1     1     1     1     1
2     1     1     2     2
3     1     1     3     3
4     1     1     4     4
5     1     1     5     5
6     1     1     1     6
7     1     1     2     7
8     1     1     3     8
9     1     1     4     9
10     1     1     5     10
11     1     1     1     11
12     1     1     2     12
13     1     1     3     13
14     1     1     4     14
15     1     1     1     15
16     1     1     2     16
17     1     1     3     17
18     1     1     4     18
19     1     2     1     1
20     1     2     2     2
21     1     2     3     3
22     1     2     4     4
23     1     2     5     5
24     1     2     1     6
25     1     2     2     7
26     1     2     3     8
27     1     2     4     9
28     1     2     5     10
29     1     2     1     11
30     1     2     2     12
31     1     2     3     13
32     1     2     4     14
33     1     2     1     15
34     1     2     2     16
35     1     2     3     17
36     1     2     4     18
37     1     3     1     1
38     1     3     2     2
39     1     3     3     3
40     1     3     4     4
41     1     3     5     5
42     1     3     1     6
43     1     3     2     7
44     1     3     3     8
45     1     3     4     9
46     1     3     5     10
47     1     3     1     11
48     1     3     2     12
49     1     3     3     13
50     1     3     4     14
51     1     3     1     15
52     1     3     2     16
53     1     3     3     17
54     1     3     4     18
55     2     4     1     1
56     2     4     2     2
57     2     4     3     3
58     2     4     4     4
59     2     4     5     5
60     2     4     1     6
61     2     4     2     7
62     2     4     3     8
63     2     4     4     9
64     2     4     5     10
65     2     4     1     11
66     2     4     2     12
67     2     4     3     13
68     2     4     4     14
69     2     4     1     15
70     2     4     2     16
71     2     4     3     17
72     2     4     4     18
73     3     5     1     1
74     3     5     2     2
75     3     5     3     3
76     3     5     4     4
77     3     5     5     5
78     3     5     1     6
79     3     5     2     7
80     3     5     3     8
81     3     5     4     9
82     3     5     5     10
83     3     5     1     11
84     3     5     2     12
85     3     5     3     13
86     3     5     4     14
87     3     5     1     15
88     3     5     2     16
89     3     5     3     17
90     3     5     4     18
#Testing code to ensure data was read in correctly, DO NOT CHANGE
#(testCode)
12345
