#SYRAH Annual input file, version number:
2.0
#DATA is for the east side in 2015
#(year)
2015
#CONSTANTS THAT DETERMINE ARRAY BOUNDS
#Number of districts
#(NDISTRICTS)
3
#Number of groups
#(NGROUPS)
90
#Number of stocks
#(NSTOCKS)
5
#Number of age groups recorded: 
#(NAGECOMPS)
18
#Age group labels (must be numeric!)
#(AgeCompLabels)
0.1 0.2 0.3 0.4 0.5 1.1 1.2 1.3 1.4 1.5 2.1 2.2 2.3 2.4 3.1 3.2 3.3 3.4
#Flag for genetic data by district: 1 = Data available, -1 = Data Unavailable 
#(GENdata)
1 1 1
#Genetic fractions
#(GeneticFracData)
#1) District ID, 2) Sample Size, 3) Kvichank, 4) Alagnak, 5) Naknek, 6) Egegik, 7) Ugashik
1     285     0.6569293     0.1279344     0.1909211     0.002997439     0.01318773
2     285     0.324614     0.005725942     0.08803393     0.5736287     0.004659002
3     285     0.2692079     0.02191733     0.063784     0.200059     0.4297062
#Age composition for CATCH data
#(AgeCompCATCH)
1     1     0     0     0     0     0     0.0001773264     0.1831099     0.2971567     0.0001906512     0     0.0002926393     0.4707067     0.04767258     0     0     0.000693508     0     0
2     1     0     0     0.0002687909     0     0     2.609361e-05     0.09435689     0.1877592     0.000981672     0     0.008262866     0.6357613     0.07101716     0     0     0.001566036     0     0
3     1     0     0     0     0     0     0.0001302094     0.1861548     0.324055     0.000221087     0     0.001238858     0.3687262     0.1190395     0     0     0.00043443     0     0
#Age composition for ESCAPEMENT data
#(AgeCompESC)
1     1     0     0.000837829     0     0     0     0.002745258     0.172499     0.1374648     0     0     0.005549467     0.6471426     0.03376107     0     0     0     0     0
2     1     0     0     0     0     0     0.006598305     0.4076631     0.3586139     0     0     0     0.2134324     0.01369234     0     0     0     0     0
3     1     0     0     0     0     0     0.005599993     0.4822222     0.2139447     0     0     0.01963463     0.2643694     0.01422908     0     0     0     0     0
4     1     0     0     0     0     0     0.01629955     0.05871638     0.00679599     0     0     0.2188389     0.6788253     0.01002144     0     0.008040942     0.002461497     0     0
5     1     0     0     0     0     0     0.05959616     0.7524277     0.05811354     0     0     0.02325219     0.102883     0.003727372     0     0     0     0     0
#Catch Data by District
#(catchData)
15341998     8470567     5473786
#Escapement Data by Stock
#(escData)
7341612     5770650     1920954     2160792     1564638
#PARAMETERS TO BE ESTIMATED
#Number of Selectivity Parameters
#(NSELECTPAR)
5
#Selectivity to estimate for AGE GROUPS NOT GROUPS age groups are 1.2, 1.3, 2.2, 2.3 ect...
#1) Age Group, 2) phase, 3) StartValue, 4) min, 5) max
#(TempSelectivity)
1     1     0.100000000000832     0.0     10
2     1     0.100000000000888     0.0     10
3     1     0.100000000000996     0.0     10
4     1     0.100000000001264     0.0     10
5     1     5.100369801     0.0     10
#Number of Availability Parameters
#(NAVAILPAR)
15
#Availability to estimate for stocks in districts (i.e. Alagnak in Egegik District)
#1) Availability group, 2) phase, 3) StartValue, 4) min, 5) max
#(TempAvailability)
1     1     2.660545039     0.0     10
2     1     0.670066687     0.0     10
3     1     0.5580336675     0.0     10
4     1     0.7707072029     0.0     10
5     1     0.4022288185     0.0     10
6     1     0.3409479522     0.0     10
7     1     1.840283195     0.0     10
8     1     1.0337751719     0.0     10
9     1     0.5919748286     0.0     10
10     1     0.10344586594     0.0     10
11     1     3.271137464     0.0     10
12     1     1.308230298     0.0     10
13     1     0.13303627947     0.0     10
14     1     0.109619113279     0.0     10
15     1     2.699725412     0.0     10
#Total run size of each group (thousands): group number, estimation phase [neg=ignore], startValue, min, max
#(TempRunSize)
1     -1     0     0     48044997
2     2     15756     0     48044997
3     2     2.000000005     0     48044997
4     -1     0     0     48044997
5     -1     0     0     48044997
6     2     51622     0     48044997
7     2     3243583     0     48044997
8     2     2584818     0     48044997
9     2     2.000000005     0     48044997
10     -1     0     0     48044997
11     2     104351     0     48044997
12     2     12168531     0     48044997
13     2     634827     0     48044997
14     -1     0     0     48044997
15     -1     0     0     48044997
16     2     2.000000005     0     48044997
17     -1     0     0     48044997
18     -1     0     0     48044997
19     -1     0     0     48044997
20     -1     0     0     48044997
21     2     2.000000005     0     48044997
22     -1     0     0     48044997
23     -1     0     0     48044997
24     2     97524     0     48044997
25     2     6025221     0     48044997
26     2     5300278     0     48044997
27     2     2.000000005     0     48044997
28     -1     0     0     48044997
29     2     2.000000005     0     48044997
30     2     3154511     0     48044997
31     2     202373     0     48044997
32     -1     0     0     48044997
33     -1     0     0     48044997
34     2     2.000000005     0     48044997
35     -1     0     0     48044997
36     -1     0     0     48044997
37     -1     0     0     48044997
38     -1     0     0     48044997
39     2     2.000000005     0     48044997
40     -1     0     0     48044997
41     -1     0     0     48044997
42     2     27554     0     48044997
43     2     2372527     0     48044997
44     2     1052606     0     48044997
45     2     2.000000005     0     48044997
46     -1     0     0     48044997
47     2     96604     0     48044997
48     2     1300695     0     48044997
49     2     70009     0     48044997
50     -1     0     0     48044997
51     -1     0     0     48044997
52     2     2.000000005     0     48044997
53     -1     0     0     48044997
54     -1     0     0     48044997
55     -1     0     0     48044997
56     -1     0     0     48044997
57     2     2.000000005     0     48044997
58     -1     0     0     48044997
59     -1     0     0     48044997
60     2     90208     0     48044997
61     2     324954     0     48044997
62     2     37613     0     48044997
63     2     2.000000005     0     48044997
64     -1     0     0     48044997
65     2     1211114     0     48044997
66     2     3756799     0     48044997
67     2     55463     0     48044997
68     -1     0     0     48044997
69     2     44503     0     48044997
70     2     13625     0     48044997
71     -1     0     0     48044997
72     -1     0     0     48044997
73     -1     0     0     48044997
74     -1     0     0     48044997
75     2     2.000000005     0     48044997
76     -1     0     0     48044997
77     -1     0     0     48044997
78     2     238826     0     48044997
79     2     3015266     0     48044997
80     2     232885     0     48044997
81     2     2.000000005     0     48044997
82     -1     0     0     48044997
83     2     93182     0     48044997
84     2     412293     0     48044997
85     2     14939     0     48044997
86     -1     0     0     48044997
87     -1     0     0     48044997
88     2     2.000000005     0     48044997
89     -1     0     0     48044997
90     -1     0     0     48044997
#GROUP CODES
#These relate the groups to the various parameters of interest that could vary or be fixed
#1) Group number, 2) DistrictID, 3) StreamID, 4) Selectivity pointer, 5) AgeComp group ID
#(groupCodes)
1     1     1     1     1
2     1     1     2     2
3     1     1     3     3
4     1     1     4     4
5     1     1     5     5
6     1     1     1     6
7     1     1     2     7
8     1     1     3     8
9     1     1     4     9
10     1     1     5     10
11     1     1     1     11
12     1     1     2     12
13     1     1     3     13
14     1     1     4     14
15     1     1     1     15
16     1     1     2     16
17     1     1     3     17
18     1     1     4     18
19     1     2     1     1
20     1     2     2     2
21     1     2     3     3
22     1     2     4     4
23     1     2     5     5
24     1     2     1     6
25     1     2     2     7
26     1     2     3     8
27     1     2     4     9
28     1     2     5     10
29     1     2     1     11
30     1     2     2     12
31     1     2     3     13
32     1     2     4     14
33     1     2     1     15
34     1     2     2     16
35     1     2     3     17
36     1     2     4     18
37     1     3     1     1
38     1     3     2     2
39     1     3     3     3
40     1     3     4     4
41     1     3     5     5
42     1     3     1     6
43     1     3     2     7
44     1     3     3     8
45     1     3     4     9
46     1     3     5     10
47     1     3     1     11
48     1     3     2     12
49     1     3     3     13
50     1     3     4     14
51     1     3     1     15
52     1     3     2     16
53     1     3     3     17
54     1     3     4     18
55     2     4     1     1
56     2     4     2     2
57     2     4     3     3
58     2     4     4     4
59     2     4     5     5
60     2     4     1     6
61     2     4     2     7
62     2     4     3     8
63     2     4     4     9
64     2     4     5     10
65     2     4     1     11
66     2     4     2     12
67     2     4     3     13
68     2     4     4     14
69     2     4     1     15
70     2     4     2     16
71     2     4     3     17
72     2     4     4     18
73     3     5     1     1
74     3     5     2     2
75     3     5     3     3
76     3     5     4     4
77     3     5     5     5
78     3     5     1     6
79     3     5     2     7
80     3     5     3     8
81     3     5     4     9
82     3     5     5     10
83     3     5     1     11
84     3     5     2     12
85     3     5     3     13
86     3     5     4     14
87     3     5     1     15
88     3     5     2     16
89     3     5     3     17
90     3     5     4     18
#Standard deviation for CATCH error distribution
#(temp_sigmaCat)
0.5
#Standard deviation for ESCAPEMENT error distribution
#(temp_sigmaEsc)
0.1
#Testing code to ensure data was read in correctly, DO NOT CHANGE
#(testCode)
12345
