#SYRAH Annual input file, version number:
2.0
#DATA is for the east side in 2022
#(year)
2022
#CONSTANTS THAT DETERMINE ARRAY BOUNDS
#Number of districts
#(NDISTRICTS)
3
#Number of groups
#(NGROUPS)
90
#Number of stocks
#(NSTOCKS)
5
#Number of age groups recorded: 
#(NAGECOMPS)
18
#Age group labels (must be numeric!)
#(AgeCompLabels)
0.1 0.2 0.3 0.4 0.5 1.1 1.2 1.3 1.4 1.5 2.1 2.2 2.3 2.4 3.1 3.2 3.3 3.4
#Flag for genetic data by district: 1 = Data available, -1 = Data Unavailable 
#(GENdata)
1 1 1
#Genetic fractions
#(GeneticFracData)
#1) District ID, 2) Sample Size, 3) Kvichank, 4) Alagnak, 5) Naknek, 6) Egegik, 7) Ugashik
1     539     0.5097716     0.1645484     0.231792     0.04136897     0.01218082
2     531     0.0466116     0.001291705     0.01740294     0.7974053     0.1209202
3     546     0.1536525     0.03477726     0.02318052     0.2084233     0.5596501
#Age composition for CATCH data
#(AgeCompCATCH)
1     1     0     0     0     0     0     0     0.2814681     0.4987441     0.001029432     0     0     0.1782474     0.04051098     0     0     0     0     0
2     1     0     0     0     0     0     0     0.2065459     0.300698     0.000542886     0     0     0.4489502     0.04326307     0     0     0     0     0
3     1     0     0     0     0     0     0     0.15872     0.6070191     0     0     0     0.1842589     0.05000225     0     0     0     0     0
#Age composition for ESCAPEMENT data
#(AgeCompESC)
1     1     0     0     0     0     0     0     0.608969     0.2576349     0     0     0     0.1278885     0.005507609     0     0     0     0     0
2     1     0     0     0     0     0     0.004622286     0.2641327     0.6081757     0.00161849     0     0     0.08807701     0.03175537     0     0     0     0.00161849     0
3     1     0     0     0     0     0     0.001266333     0.5044111     0.3313565     0.0006329061     0     0.002038208     0.1175535     0.04274146     0     0     0     0     0
4     1     0     0     0     0     0     0.0200918     0.5082876     0.1256013     0     0     0.034445     0.3019586     0.009615643     0     0     0     0     0
5     1     0     0     0     0     0     0.00497152     0.2517866     0.6361339     0.0009583904     0     0.001916781     0.08449287     0.01973992     0     0     0     0     0
#Catch Data by District
#(catchData)
10877842     16548594     6322413
#Escapement Data by Stock
#(escData)
4224882     1668222     1921296     1786152     1436784
#PARAMETERS TO BE ESTIMATED
#Number of Selectivity Parameters
#(NSELECTPAR)
5
#Selectivity to estimate for AGE GROUPS NOT GROUPS age groups are 1.2, 1.3, 2.2, 2.3 ect...
#1) Age Group, 2) phase, 3) StartValue, 4) min, 5) max
#(TempSelectivity)
1     1     0.107442169724     0.0     10
2     1     1.580793895     0.0     10
3     1     1.896879517     0.0     10
4     1     1.815168179     0.0     10
5     1     0.100004338859698     0.0     10
#Number of Availability Parameters
#(NAVAILPAR)
15
#Availability to estimate for stocks in districts (i.e. Alagnak in Egegik District)
#1) Availability group, 2) phase, 3) StartValue, 4) min, 5) max
#(TempAvailability)
1     1     1.688743812     0.0     10
2     1     0.2591866129     0.0     10
3     1     0.5630177148     0.0     10
4     1     1.688136297     0.0     10
5     1     0.108790531245     0.0     10
6     1     0.4042841642     0.0     10
7     1     1.810524434     0.0     10
8     1     0.2609037012     0.0     10
9     1     0.2607660949     0.0     10
10     1     0.16513421242     0.0     10
11     1     4.050494702     0.0     10
12     1     0.5512621103     0.0     10
13     1     0.14727742634     0.0     10
14     1     0.8207907522     0.0     10
15     1     3.720803006     0.0     10
#Total run size of each group (thousands): group number, estimation phase [neg=ignore], startValue, min, max
#(TempRunSize)
1     -1     0     0     0
2     -1     0     0     0
3     -1     0     0     0
4     -1     0     0     0
5     -1     0     0     0
6     -1     0     0     0
7     1     5590237.831     1118048.3662     27951185.155
8     1     4009340.047     801868.8094     20046696.235
9     1     1.00001140888843     0     5001
10     -1     0     0     0
11     -1     0     0     0
12     1     1771472.129     354295.2258     8857356.645
13     1     131378.5916     26276.51832     656888.958
14     -1     0     0     0
15     -1     0     0     0
16     -1     0     0     0
17     -1     0     0     0
18     -1     0     0     0
19     -1     0     0     0
20     -1     0     0     0
21     -1     0     0     0
22     -1     0     0     0
23     -1     0     0     0
24     1     7732.163962     1547.2327924     38656.81981
25     1     867106.7852     173422.15704     4335529.926
26     1     2553621.442     510725.0884     12768103.21
27     1     7145.963454     1429.9926908     35725.81727
28     -1     0     0     0
29     -1     0     0     0
30     1     323009.1467     64602.62934     1615041.7335
31     1     143417.5658     28684.31316     717083.829
32     -1     0     0     0
33     -1     0     0     0
34     -1     0     0     0
35     1     5347.526173     1070.3052346     26733.630865
36     -1     0     0     0
37     -1     0     0     0
38     -1     0     0     0
39     -1     0     0     0
40     -1     0     0     0
41     -1     0     0     0
42     1     2441.269326     489.0538652     12202.34663
43     1     2152395.655     430479.931     10761974.275
44     1     1959821.472     391965.0944     9799103.36
45     1     4301.453623     861.0907246     21503.268115
46     -1     0     0     0
47     1     3930.291071     786.8582142     19647.455355
48     1     584993.8869     116999.57738     2924965.4345
49     1     284353.0924     56871.41848     1421761.462
50     -1     0     0     0
51     -1     0     0     0
52     -1     0     0     0
53     -1     0     0     0
54     -1     0     0     0
55     -1     0     0     0
56     -1     0     0     0
57     -1     0     0     0
58     -1     0     0     0
59     -1     0     0     0
60     1     36391.91108     7279.182216     181955.5554
61     1     5720745.693     1144149.9386     28603724.465
62     1     4400727.211     880146.2422     22003632.055
63     1     3766.541834     754.1083668     18828.70917
64     -1     0     0     0
65     1     62388.783     12478.5566     311939.915
66     1     6560171.628     1312035.1256     32800854.14
67     1     348456.9656     69692.19312     1742280.828
68     -1     0     0     0
69     -1     0     0     0
70     -1     0     0     0
71     -1     0     0     0
72     -1     0     0     0
73     -1     0     0     0
74     -1     0     0     0
75     -1     0     0     0
76     -1     0     0     0
77     -1     0     0     0
78     1     7137.136101     1428.2272202     35681.680505
79     1     1109822.811     221965.3622     5549110.055
80     1     5333862.249     1066773.2498     26669307.245
81     1     4737.635907     948.3271814     23684.179535
82     -1     0     0     0
83     1     2752.35232     551.270464     13757.7616
84     1     502898.4223     100580.48446     2514488.1115
85     1     295377.523     59076.3046     1476883.615
86     -1     0     0     0
87     -1     0     0     0
88     -1     0     0     0
89     -1     0     0     0
90     -1     0     0     0
#GROUP CODES
#These relate the groups to the various parameters of interest that could vary or be fixed
#1) Group number, 2) DistrictID, 3) StreamID, 4) Selectivity pointer, 5) AgeComp group ID
#(groupCodes)
1     1     1     1     1
2     1     1     2     2
3     1     1     3     3
4     1     1     4     4
5     1     1     5     5
6     1     1     1     6
7     1     1     2     7
8     1     1     3     8
9     1     1     4     9
10     1     1     5     10
11     1     1     1     11
12     1     1     2     12
13     1     1     3     13
14     1     1     4     14
15     1     1     1     15
16     1     1     2     16
17     1     1     3     17
18     1     1     4     18
19     1     2     1     1
20     1     2     2     2
21     1     2     3     3
22     1     2     4     4
23     1     2     5     5
24     1     2     1     6
25     1     2     2     7
26     1     2     3     8
27     1     2     4     9
28     1     2     5     10
29     1     2     1     11
30     1     2     2     12
31     1     2     3     13
32     1     2     4     14
33     1     2     1     15
34     1     2     2     16
35     1     2     3     17
36     1     2     4     18
37     1     3     1     1
38     1     3     2     2
39     1     3     3     3
40     1     3     4     4
41     1     3     5     5
42     1     3     1     6
43     1     3     2     7
44     1     3     3     8
45     1     3     4     9
46     1     3     5     10
47     1     3     1     11
48     1     3     2     12
49     1     3     3     13
50     1     3     4     14
51     1     3     1     15
52     1     3     2     16
53     1     3     3     17
54     1     3     4     18
55     2     4     1     1
56     2     4     2     2
57     2     4     3     3
58     2     4     4     4
59     2     4     5     5
60     2     4     1     6
61     2     4     2     7
62     2     4     3     8
63     2     4     4     9
64     2     4     5     10
65     2     4     1     11
66     2     4     2     12
67     2     4     3     13
68     2     4     4     14
69     2     4     1     15
70     2     4     2     16
71     2     4     3     17
72     2     4     4     18
73     3     5     1     1
74     3     5     2     2
75     3     5     3     3
76     3     5     4     4
77     3     5     5     5
78     3     5     1     6
79     3     5     2     7
80     3     5     3     8
81     3     5     4     9
82     3     5     5     10
83     3     5     1     11
84     3     5     2     12
85     3     5     3     13
86     3     5     4     14
87     3     5     1     15
88     3     5     2     16
89     3     5     3     17
90     3     5     4     18
#Standard deviation for CATCH error distribution
#(temp_sigmaCat)
0.5
#Standard deviation for ESCAPEMENT error distribution
#(temp_sigmaEsc)
0.05
#Testing code to ensure data was read in correctly, DO NOT CHANGE
#(testCode)
12345
