#SYRAH Annual input file, version number:
2.0
#DATA is for the east side in 1988
#(year)
1988
#CONSTANTS THAT DETERMINE ARRAY BOUNDS
#Number of districts
#(NDISTRICTS)
3
#Number of groups
#(NGROUPS)
90
#Number of stocks
#(NSTOCKS)
5
#Number of age groups recorded: 
#(NAGECOMPS)
18
#Age group labels (must be numeric!)
#(AgeCompLabels)
0.1 0.2 0.3 0.4 0.5 1.1 1.2 1.3 1.4 1.5 2.1 2.2 2.3 2.4 3.1 3.2 3.3 3.4
#Flag for genetic data by district: 1 = Data available, -1 = Data Unavailable 
#(GENdata)
-1 -1 -1
#Genetic fractions
#(GeneticFracData)
#1) District ID, 2) Sample Size, 3) Kvichank, 4) Alagnak, 5) Naknek, 6) Egegik, 7) Ugashik
1     -1     0     0     0     0     0
2     -1     0     0     0     0     0
3     -1     0     0     0     0     0
#Age composition for CATCH data
#(AgeCompCATCH)
1     6380     0     0     0.0007805996     0     0     0.000334549     0.3202331     0.4385476     0.003211985     0     0.001080669     0.1604622     0.07534922     0     0     0     0     0
2     8826     0     0.0002743902     0.0008130085     2.444728e-05     0     0     0.06611754     0.3116076     0.0009553507     0     0.002131223     0.401133     0.2123324     0     0     0.003872164     0.0007387549     0
3     3069     0     0.000435161     0.00103956     0.0004803885     0     0     0.1912449     0.1824825     0.005047168     0     0.004704821     0.2626103     0.3512396     0.0003980131     0     0     0.00031751     0
#Age composition for ESCAPEMENT data
#(AgeCompESC)
1     2381     0     0.0008539513     0.0001588676     0     0     0.001618601     0.3860333     0.4120506     0.0007476819     0     0.01028027     0.171449     0.01680775     0     0     0     0     0
2     0     0     0     0     0     0     0     0.6011158     0.250188     0     0     0     0.1026919     0.0460043     0     0     0     0     0
3     1966     0     0     0     0     0     0.001728767     0.2715141     0.2644586     0.01236688     0     0.02561494     0.1873315     0.2345447     0.002440528     0     0     0     0
4     3334     0     0     0     0     0     0.0002257497     0.06189739     0.2681237     0.0005648424     0     0.04220972     0.4815948     0.1421939     0     0     0.002337048     0.0008528437     0
5     2723     0     0.001134291     0.006212195     0     0     0.0006048039     0.2380542     0.09835525     0.001155299     0     0.06404955     0.2943731     0.2958597     0.0002016013     0     0     0     0
#Catch Data by District
#(catchData)
3224900     6456598     1523520
#Escapement Data by Stock
#(escData)
4065216     496306.5     1037862     1612745     654412
#PARAMETERS TO BE ESTIMATED
#Number of Selectivity Parameters
#(NSELECTPAR)
5
#Selectivity to estimate for AGE GROUPS NOT GROUPS age groups are 1.2, 1.3, 2.2, 2.3 ect...
#1) Age Group, 2) phase, 3) StartValue, 4) min, 5) max
#(TempSelectivity)
1     2     0.227633     0.0     10
2     2     0.908545     0.0     10
3     2     1.05781     0.0     10
4     2     1.27685     0.0     10
5     2     2.02916     0.0     10
#Number of Availability Parameters
#(NAVAILPAR)
15
#Availability to estimate for stocks in districts (i.e. Alagnak in Egegik District)
#1) Availability group, 2) phase, 3) StartValue, 4) min, 5) max
#(TempAvailability)
1     -1     1.4851545     0     10
2     -1     0.191421792857143     0     10
3     -1     0.0404720613056471     0     10
4     -1     1.4904055     0     10
5     -1     0.130699197857143     0     10
6     -1     0.0433718788068764     0     10
7     -1     1.82306835714286     0     10
8     -1     0.237020228571429     0     10
9     -1     0.0261694169676093     0     10
10     -1     0.146338452142857     0     10
11     -1     4.02709571428571     0     10
12     -1     0.23133515     0     10
13     -1     0.0550396453127114     0     10
14     -1     0.413765242857143     0     10
15     -1     4.65865     0     10
#Total run size of each group (thousands): group number, estimation phase [neg=ignore], startValue, min, max
#(TempRunSize)
1     -1     0     0     19071559.5
2     1     3732.69     0     19071559.5
3     1     1184.83     0     19071559.5
4     1     1.00000000211737     0     19071559.5
5     -1     0     0     19071559.5
6     1     7497.05     0     19071559.5
7     1     2565741     0     19071559.5
8     1     2989111     0     19071559.5
9     1     4974.95     0     19071559.5
10     -1     0     0     19071559.5
11     1     46399.2     0     19071559.5
12     1     1111721     0     19071559.5
13     1     114770     0     19071559.5
14     1     1.00000000211737     0     19071559.5
15     -1     0     0     19071559.5
16     1     1.00000000211737     0     19071559.5
17     1     1.00000000317605     0     19071559.5
18     -1     0     0     19071559.5
19     -1     0     0     19071559.5
20     1     1.00000000635211     0     19071559.5
21     1     6025.15     0     19071559.5
22     1     1.00000000423474     0     19071559.5
23     -1     0     0     19071559.5
24     1     7146.7     0     19071559.5
25     1     390066     0     19071559.5
26     1     388314     0     19071559.5
27     1     1.0000000169389     0     19071559.5
28     -1     0     0     19071559.5
29     1     1.0000000783426     0     19071559.5
30     1     1.000000118573     0     19071559.5
31     1     1.0000000772839     0     19071559.5
32     1     1.00000000317605     0     19071559.5
33     -1     0     0     19071559.5
34     1     1.00000000635211     0     19071559.5
35     1     1.00000000529342     0     19071559.5
36     -1     0     0     19071559.5
37     -1     0     0     19071559.5
38     1     1.00000000211737     0     19071559.5
39     1     1.00000000211737     0     19071559.5
40     1     1.00000000211737     0     19071559.5
41     -1     0     0     19071559.5
42     1     1738.5     0     19071559.5
43     1     427233     0     19071559.5
44     1     464489     0     19071559.5
45     1     23990.9     0     19071559.5
46     -1     0     0     19071559.5
47     1     25557.5     0     19071559.5
48     1     292842     0     19071559.5
49     1     404736     0     19071559.5
50     1     3839.68     0     19071559.5
51     -1     0     0     19071559.5
52     1     1.00000000211737     0     19071559.5
53     1     1.00000000211737     0     19071559.5
54     -1     0     0     19071559.5
55     -1     0     0     19071559.5
56     1     424.003     0     19071559.5
57     1     1288.42     0     19071559.5
58     1     2.53223     0     19071559.5
59     -1     0     0     19071559.5
60     1     434.609     0     19071559.5
61     1     388282     0     19071559.5
62     1     2485471     0     19071559.5
63     1     6507     0     19071559.5
64     -1     0     0     19071559.5
65     1     85367.2     0     19071559.5
66     1     3400591     0     19071559.5
67     1     1524651     0     19071559.5
68     1     1.00000000317605     0     19071559.5
69     -1     0     0     19071559.5
70     1     21757     0     19071559.5
71     1     7420.74     0     19071559.5
72     -1     0     0     19071559.5
73     -1     0     0     19071559.5
74     1     1841.6     0     19071559.5
75     1     9497.87     0     19071559.5
76     1     718.046     0     19071559.5
77     -1     0     0     19071559.5
78     1     441.531     0     19071559.5
79     1     466478     0     19071559.5
80     1     245540     0     19071559.5
81     1     8439.29     0     19071559.5
82     -1     0     0     19071559.5
83     1     49845.3     0     19071559.5
84     1     547987     0     19071559.5
85     1     768526     0     19071559.5
86     1     830.154     0     19071559.5
87     -1     0     0     19071559.5
88     1     1.00000000211737     0     19071559.5
89     1     1.00000000211737     0     19071559.5
90     -1     0     0     19071559.5
#GROUP CODES
#These relate the groups to the various parameters of interest that could vary or be fixed
#1) Group number, 2) DistrictID, 3) StreamID, 4) Selectivity pointer, 5) AgeComp group ID
#(groupCodes)
1     1     1     1     1
2     1     1     2     2
3     1     1     3     3
4     1     1     4     4
5     1     1     5     5
6     1     1     1     6
7     1     1     2     7
8     1     1     3     8
9     1     1     4     9
10     1     1     5     10
11     1     1     1     11
12     1     1     2     12
13     1     1     3     13
14     1     1     4     14
15     1     1     1     15
16     1     1     2     16
17     1     1     3     17
18     1     1     4     18
19     1     2     1     1
20     1     2     2     2
21     1     2     3     3
22     1     2     4     4
23     1     2     5     5
24     1     2     1     6
25     1     2     2     7
26     1     2     3     8
27     1     2     4     9
28     1     2     5     10
29     1     2     1     11
30     1     2     2     12
31     1     2     3     13
32     1     2     4     14
33     1     2     1     15
34     1     2     2     16
35     1     2     3     17
36     1     2     4     18
37     1     3     1     1
38     1     3     2     2
39     1     3     3     3
40     1     3     4     4
41     1     3     5     5
42     1     3     1     6
43     1     3     2     7
44     1     3     3     8
45     1     3     4     9
46     1     3     5     10
47     1     3     1     11
48     1     3     2     12
49     1     3     3     13
50     1     3     4     14
51     1     3     1     15
52     1     3     2     16
53     1     3     3     17
54     1     3     4     18
55     2     4     1     1
56     2     4     2     2
57     2     4     3     3
58     2     4     4     4
59     2     4     5     5
60     2     4     1     6
61     2     4     2     7
62     2     4     3     8
63     2     4     4     9
64     2     4     5     10
65     2     4     1     11
66     2     4     2     12
67     2     4     3     13
68     2     4     4     14
69     2     4     1     15
70     2     4     2     16
71     2     4     3     17
72     2     4     4     18
73     3     5     1     1
74     3     5     2     2
75     3     5     3     3
76     3     5     4     4
77     3     5     5     5
78     3     5     1     6
79     3     5     2     7
80     3     5     3     8
81     3     5     4     9
82     3     5     5     10
83     3     5     1     11
84     3     5     2     12
85     3     5     3     13
86     3     5     4     14
87     3     5     1     15
88     3     5     2     16
89     3     5     3     17
90     3     5     4     18
#Testing code to ensure data was read in correctly, DO NOT CHANGE
#(testCode)
12345
