#SYRAH Annual input file, version number:
2.0
#DATA is for the east side in 2017
#(year)
2017
#CONSTANTS THAT DETERMINE ARRAY BOUNDS
#Number of districts
#(NDISTRICTS)
3
#Number of groups
#(NGROUPS)
90
#Number of stocks
#(NSTOCKS)
5
#Number of age groups recorded: 
#(NAGECOMPS)
18
#Age group labels (must be numeric!)
#(AgeCompLabels)
0.1 0.2 0.3 0.4 0.5 1.1 1.2 1.3 1.4 1.5 2.1 2.2 2.3 2.4 3.1 3.2 3.3 3.4
#Flag for genetic data by district: 1 = Data available, -1 = Data Unavailable 
#(GENdata)
1 1 1
#Genetic fractions
#(GeneticFracData)
#1) District ID, 2) Sample Size, 3) Kvichank, 4) Alagnak, 5) Naknek, 6) Egegik, 7) Ugashik
1     748     0.28879551     0.21303707     0.34129348     0.13789064     0.000873891
2     559     0.12968723     0.062845702     0.12891239     0.6381493     0.013496178
3     559     0.003848354     0.000552854     0.00280169     0.094488016     0.8904043
#Age composition for CATCH data
#(AgeCompCATCH)
1     1     0     0     0     0     0     0.00056351636     0.38782941     0.36884903     0.000092050626     0     0     0.11709722     0.12432874     0     0     0.0012400358     0     0
2     1     0     0     0     0     0     0     0.30227846     0.19249477     0.00036778204     0     0     0.29192947     0.20887431     0     0     0.0032253002     0.00082991206     0
3     1     0     0     0     0     0     0     0.51196692     0.22107967     0.0018100921     0     0     0.13728022     0.1278631     0     0     0     0     0
#Age composition for ESCAPEMENT data
#(AgeCompESC)
1     1     0     0     0     0     0     0.0028607592     0.57534706     0.30981077     0     0     0.00064071924     0.05644962     0.054891066     0     0     0     0     0
2     1     0     0     0     0     0     0.031598513     0.6598513     0.30111524     0     0     0     0.0018587361     0.0055762082     0     0     0     0     0
3     1     0     0     0     0     0     0.016305536     0.54807264     0.2527268     0     0     0     0.11475682     0.068138203     0     0     0     0     0
4     1     0     0     0     0     0     0.037715261     0.27838405     0.069342285     0     0     0.032757188     0.41686415     0.16027842     0     0.00093172918     0.0027951875     0.00093172918     0
5     1     0     0     0     0     0     0.055964421     0.64658607     0.17043707     0     0     0.00076842686     0.096195547     0.030048472     0     0     0     0     0
#Catch Data by District
#(catchData)
7227724.7     11981007     5706496
#Escapement Data by Stock
#(escData)
3163404     2041824     1899972     2600982     1186446
#PARAMETERS TO BE ESTIMATED
#Number of Selectivity Parameters
#(NSELECTPAR)
5
#Selectivity to estimate for AGE GROUPS NOT GROUPS age groups are 1.2, 1.3, 2.2, 2.3 ect...
#1) Age Group, 2) phase, 3) StartValue, 4) min, 5) max
#(TempSelectivity)
1     2     0.11268087503     0.0     10
2     2     1.143475592     0.0     10
3     2     1.441476841     0.0     10
4     2     1.88554872     0.0     10
5     2     0.9201038635     0.0     10
#Number of Availability Parameters
#(NAVAILPAR)
15
#Availability to estimate for stocks in districts (i.e. Alagnak in Egegik District)
#1) Availability group, 2) phase, 3) StartValue, 4) min, 5) max
#(TempAvailability)
1     1     1.360248248     0.0     10
2     1     0.8165192745     0.0     10
3     1     0.109382159837     0.0     10
4     1     1.62421954     0.0     10
5     1     0.6460579331     0.0     10
6     1     0.102103567717     0.0     10
7     1     1.998133468     0.0     10
8     1     0.9432847004     0.0     10
9     1     0.107965455464     0.0     10
10     1     0.4138999696     0.0     10
11     1     2.921210188     0.0     10
12     1     0.2436800044     0.0     10
13     1     0.103453876384     0.0     10
14     1     0.17293053796     0.0     10
15     1     4.936857953     0.0     10
#Total run size of each group (thousands): group number, estimation phase [neg=ignore], startValue, min, max
#(TempRunSize)
1     -1     0     0     35807855.684
2     -1     0     0     35807855.684
3     -1     0     0     35807855.684
4     -1     0     0     35807855.684
5     -1     0     0     35807855.684
6     2     8884.645254     0     35807855.684
7     2     3426936.249     0     35807855.684
8     2     2469127.119     0     35807855.684
9     2     1.0001277278944     0     35807855.684
10     -1     0     0     35807855.684
11     2     1968.69068     0     35807855.684
12     2     361598.692     0     35807855.684
13     2     461514.4828     0     35807855.684
14     -1     0     0     35807855.684
15     -1     0     0     35807855.684
16     2     1.0002178995182     0     35807855.684
17     2     1.0000418418279     0     35807855.684
18     -1     0     0     35807855.684
19     -1     0     0     35807855.684
20     -1     0     0     35807855.684
21     -1     0     0     35807855.684
22     -1     0     0     35807855.684
23     -1     0     0     35807855.684
24     2     63818.72164     0     35807855.684
25     2     2585908.135     0     35807855.684
26     2     1567606.846     0     35807855.684
27     2     1.001332887827     0     35807855.684
28     -1     0     0     35807855.684
29     -1     0     0     35807855.684
30     2     7675.515607     0     35807855.684
31     2     30139.42496     0     35807855.684
32     -1     0     0     35807855.684
33     -1     0     0     35807855.684
34     2     1.00004125544599     0     35807855.684
35     2     1.00000000993868     0     35807855.684
36     -1     0     0     35807855.684
37     -1     0     0     35807855.684
38     -1     0     0     35807855.684
39     -1     0     0     35807855.684
40     -1     0     0     35807855.684
41     -1     0     0     35807855.684
42     2     29508.54353     0     35807855.684
43     2     2630762.246     0     35807855.684
44     2     2031618.028     0     35807855.684
45     2     1.3434342886     0     35807855.684
46     -1     0     0     35807855.684
47     -1     0     0     35807855.684
48     2     596451.9987     0     35807855.684
49     2     588595.6427     0     35807855.684
50     -1     0     0     35807855.684
51     -1     0     0     35807855.684
52     2     1.001606883222     0     35807855.684
53     2     1.00000045320365     0     35807855.684
54     -1     0     0     35807855.684
55     -1     0     0     35807855.684
56     -1     0     0     35807855.684
57     -1     0     0     35807855.684
58     -1     0     0     35807855.684
59     -1     0     0     35807855.684
60     2     115797.4653     0     35807855.684
61     2     2965232.235     0     35807855.684
62     2     1242320.811     0     35807855.684
63     2     4966.294321     0     35807855.684
64     -1     0     0     35807855.684
65     2     100307.7008     0     35807855.684
66     2     4914010.881     0     35807855.684
67     2     3273835.375     0     35807855.684
68     -1     0     0     35807855.684
69     2     2853.664829     0     35807855.684
70     2     45068.55888     0     35807855.684
71     2     13257.43945     0     35807855.684
72     -1     0     0     35807855.684
73     -1     0     0     35807855.684
74     -1     0     0     35807855.684
75     -1     0     0     35807855.684
76     -1     0     0     35807855.684
77     -1     0     0     35807855.684
78     2     67065.03627     0     35807855.684
79     2     3711655.879     0     35807855.684
80     2     1530270.771     0     35807855.684
81     2     9076.777583     0     35807855.684
82     -1     0     0     35807855.684
83     2     921.8659813     0     35807855.684
84     2     626985.6218     0     35807855.684
85     2     478594.2179     0     35807855.684
86     -1     0     0     35807855.684
87     -1     0     0     35807855.684
88     2     1.00002509515806     0     35807855.684
89     2     1.00000950535017     0     35807855.684
90     -1     0     0     35807855.684
#GROUP CODES
#These relate the groups to the various parameters of interest that could vary or be fixed
#1) Group number, 2) DistrictID, 3) StreamID, 4) Selectivity pointer, 5) AgeComp group ID
#(groupCodes)
1     1     1     1     1
2     1     1     2     2
3     1     1     3     3
4     1     1     4     4
5     1     1     5     5
6     1     1     1     6
7     1     1     2     7
8     1     1     3     8
9     1     1     4     9
10     1     1     5     10
11     1     1     1     11
12     1     1     2     12
13     1     1     3     13
14     1     1     4     14
15     1     1     1     15
16     1     1     2     16
17     1     1     3     17
18     1     1     4     18
19     1     2     1     1
20     1     2     2     2
21     1     2     3     3
22     1     2     4     4
23     1     2     5     5
24     1     2     1     6
25     1     2     2     7
26     1     2     3     8
27     1     2     4     9
28     1     2     5     10
29     1     2     1     11
30     1     2     2     12
31     1     2     3     13
32     1     2     4     14
33     1     2     1     15
34     1     2     2     16
35     1     2     3     17
36     1     2     4     18
37     1     3     1     1
38     1     3     2     2
39     1     3     3     3
40     1     3     4     4
41     1     3     5     5
42     1     3     1     6
43     1     3     2     7
44     1     3     3     8
45     1     3     4     9
46     1     3     5     10
47     1     3     1     11
48     1     3     2     12
49     1     3     3     13
50     1     3     4     14
51     1     3     1     15
52     1     3     2     16
53     1     3     3     17
54     1     3     4     18
55     2     4     1     1
56     2     4     2     2
57     2     4     3     3
58     2     4     4     4
59     2     4     5     5
60     2     4     1     6
61     2     4     2     7
62     2     4     3     8
63     2     4     4     9
64     2     4     5     10
65     2     4     1     11
66     2     4     2     12
67     2     4     3     13
68     2     4     4     14
69     2     4     1     15
70     2     4     2     16
71     2     4     3     17
72     2     4     4     18
73     3     5     1     1
74     3     5     2     2
75     3     5     3     3
76     3     5     4     4
77     3     5     5     5
78     3     5     1     6
79     3     5     2     7
80     3     5     3     8
81     3     5     4     9
82     3     5     5     10
83     3     5     1     11
84     3     5     2     12
85     3     5     3     13
86     3     5     4     14
87     3     5     1     15
88     3     5     2     16
89     3     5     3     17
90     3     5     4     18
#Standard deviation for CATCH error distribution
#(temp_sigmaCat)
0.5
#Standard deviation for ESCAPEMENT error distribution
#(temp_sigmaEsc)
0.1
#Testing code to ensure data was read in correctly, DO NOT CHANGE
#(testCode)
12345
