#SYRAH Annual input file, version number:
2.0
#DATA is for the east side in 2003
#(year)
2003
#CONSTANTS THAT DETERMINE ARRAY BOUNDS
#Number of districts
#(NDISTRICTS)
3
#Number of groups
#(NGROUPS)
90
#Number of stocks
#(NSTOCKS)
5
#Number of age groups recorded: 
#(NAGECOMPS)
18
#Age group labels (must be numeric!)
#(AgeCompLabels)
0.1 0.2 0.3 0.4 0.5 1.1 1.2 1.3 1.4 1.5 2.1 2.2 2.3 2.4 3.1 3.2 3.3 3.4
#Flag for genetic data by district: 1 = Data available, -1 = Data Unavailable 
#(GENdata)
-1 -1 -1
#Genetic fractions
#(GeneticFracData)
#1) District ID, 2) Sample Size, 3) Kvichank, 4) Alagnak, 5) Naknek, 6) Egegik, 7) Ugashik
1     -1     0     0     0     0     0
2     -1     0     0     0     0     0
3     -1     0     0     0     0     0
#Age composition for CATCH data
#(AgeCompCATCH)
1     7313     0     0     0     0     0     8.237834e-05     0.1485048     0.4101038     0.003292009     0     0.0004193545     0.1079352     0.3275659     0.0005262022     0     0.001570314     0     0
2     5619     0     0     0     0     0     7.306108e-05     0.06353699     0.07721369     0.001289437     0     0.009434905     0.1776307     0.5938638     0.001368123     0     0.07342173     0.002167557     0
3     6440     0     0     0     0     0     0.0002358166     0.2959916     0.1248785     0.006334526     7.633671e-05     0.001896897     0.272973     0.2841542     0.0003471309     0     0.01261387     0.0004981176     0
#Age composition for ESCAPEMENT data
#(AgeCompESC)
1     754     0     0     0     0     0     0     0.5565759     0.1932866     0     0     0.02930283     0.1652956     0.05553909     0     0     0     0     0
2     719     0     0     0     0     0     0.0005172036     0.2114327     0.6149804     0.01308874     0     0     0.05524194     0.1047391     0     0     0     0     0
3     1403     0     0     0     0     0     0.001459492     0.18735     0.4090485     0.003004464     0     0.003589505     0.1213726     0.2735928     0.0005826119     0     0     0     0
4     1361     0     0     0     0     0     0.0004097143     0.07928961     0.02346943     0     0     0.1339212     0.1557943     0.5386654     0.0001990716     7.456547e-05     0.06548679     0.002689972     0
5     1338     0     0     0     0     0     0.002278043     0.6788042     0.08453227     0.0007247806     0     0.02619208     0.1416412     0.06582739     0     0     0     0     0
#Catch Data by District
#(catchData)
286515     2291502     1748934
#Escapement Data by Stock
#(escData)
1686804     3676146     1831170     1152120     790202
#PARAMETERS TO BE ESTIMATED
#Number of Selectivity Parameters
#(NSELECTPAR)
5
#Selectivity to estimate for AGE GROUPS NOT GROUPS age groups are 1.2, 1.3, 2.2, 2.3 ect...
#1) Age Group, 2) phase, 3) StartValue, 4) min, 5) max
#(TempSelectivity)
1     2     0.1963451     0.0     10
2     2     0.86174     0.0     10
3     2     1.19441     0.0     10
4     2     1.52385     0.0     10
5     2     1.72365     0.0     10
#Number of Availability Parameters
#(NAVAILPAR)
15
#Availability to estimate for stocks in districts (i.e. Alagnak in Egegik District)
#1) Availability group, 2) phase, 3) StartValue, 4) min, 5) max
#(TempAvailability)
1     -1     1.4851545     0     10
2     -1     0.191421792857143     0     10
3     -1     0.0404720613056471     0     10
4     -1     1.4904055     0     10
5     -1     0.130699197857143     0     10
6     -1     0.0433718788068764     0     10
7     -1     1.82306835714286     0     10
8     -1     0.237020228571429     0     10
9     -1     0.0261694169676093     0     10
10     -1     0.146338452142857     0     10
11     -1     4.02709571428571     0     10
12     -1     0.23133515     0     10
13     -1     0.0550396453127114     0     10
14     -1     0.413765242857143     0     10
15     -1     4.65865     0     10
#Total run size of each group (thousands): group number, estimation phase [neg=ignore], startValue, min, max
#(TempRunSize)
1     -1     0     0     13463393
2     -1     0     0     13463393
3     -1     0     0     13463393
4     -1     0     0     13463393
5     -1     0     0     13463393
6     1     1.00000000149474     0     13463393
7     1     721453     0     13463393
8     1     260639     0     13463393
9     1     1.00000000149474     0     13463393
10     1     1.00000000149474     0     13463393
11     1     36765.5     0     13463393
12     1     227198     0     13463393
13     1     80137.6     0     13463393
14     1     1.00000000149474     0     13463393
15     -1     0     0     13463393
16     1     1.00000000149474     0     13463393
17     1     1.00000000149474     0     13463393
18     -1     0     0     13463393
19     -1     0     0     13463393
20     -1     0     0     13463393
21     -1     0     0     13463393
22     -1     0     0     13463393
23     -1     0     0     13463393
24     1     1208.09     0     13463393
25     1     489144     0     13463393
26     1     1487051     0     13463393
27     1     27564.2     0     13463393
28     1     1.00000000149474     0     13463393
29     1     1.00000000224211     0     13463393
30     1     141911     0     13463393
31     1     287495     0     13463393
32     1     1.00000000224211     0     13463393
33     -1     0     0     13463393
34     1     1.00000000149474     0     13463393
35     1     1.00000000149474     0     13463393
36     -1     0     0     13463393
37     -1     0     0     13463393
38     -1     0     0     13463393
39     -1     0     0     13463393
40     -1     0     0     13463393
41     -1     0     0     13463393
42     1     4301.97     0     13463393
43     1     538216     0     13463393
44     1     1252371     0     13463393
45     1     7478.38     0     13463393
46     1     1.00000000149474     0     13463393
47     1     10256     0     13463393
48     1     409041     0     13463393
49     1     1019631     0     13463393
50     1     2035.96     0     13463393
51     -1     0     0     13463393
52     1     1.00000000224211     0     13463393
53     1     1.00000000149474     0     13463393
54     -1     0     0     13463393
55     -1     0     0     13463393
56     -1     0     0     13463393
57     -1     0     0     13463393
58     -1     0     0     13463393
59     -1     0     0     13463393
60     1     1055.77     0     13463393
61     1     263865     0     13463393
62     1     123980     0     13463393
63     1     1.0000000149474     0     13463393
64     1     1.00000000224211     0     13463393
65     1     323607     0     13463393
66     1     779849     0     13463393
67     1     2757641     0     13463393
68     1     3844.35     0     13463393
69     1     168.128     0     13463393
70     1     334137     0     13463393
71     1     11538.9     0     13463393
72     -1     0     0     13463393
73     -1     0     0     13463393
74     -1     0     0     13463393
75     -1     0     0     13463393
76     -1     0     0     13463393
77     -1     0     0     13463393
78     1     1452.98     0     13463393
79     1     1028311     0     13463393
80     1     260059     0     13463393
81     1     11866.5     0     13463393
82     1     137.49     0     13463393
83     1     15715.2     0     13463393
84     1     404046     0     13463393
85     1     295206     0     13463393
86     1     170.369     0     13463393
87     -1     0     0     13463393
88     1     1.00000000224211     0     13463393
89     1     1.00000000298947     0     13463393
90     -1     0     0     13463393
#GROUP CODES
#These relate the groups to the various parameters of interest that could vary or be fixed
#1) Group number, 2) DistrictID, 3) StreamID, 4) Selectivity pointer, 5) AgeComp group ID
#(groupCodes)
1     1     1     1     1
2     1     1     2     2
3     1     1     3     3
4     1     1     4     4
5     1     1     5     5
6     1     1     1     6
7     1     1     2     7
8     1     1     3     8
9     1     1     4     9
10     1     1     5     10
11     1     1     1     11
12     1     1     2     12
13     1     1     3     13
14     1     1     4     14
15     1     1     1     15
16     1     1     2     16
17     1     1     3     17
18     1     1     4     18
19     1     2     1     1
20     1     2     2     2
21     1     2     3     3
22     1     2     4     4
23     1     2     5     5
24     1     2     1     6
25     1     2     2     7
26     1     2     3     8
27     1     2     4     9
28     1     2     5     10
29     1     2     1     11
30     1     2     2     12
31     1     2     3     13
32     1     2     4     14
33     1     2     1     15
34     1     2     2     16
35     1     2     3     17
36     1     2     4     18
37     1     3     1     1
38     1     3     2     2
39     1     3     3     3
40     1     3     4     4
41     1     3     5     5
42     1     3     1     6
43     1     3     2     7
44     1     3     3     8
45     1     3     4     9
46     1     3     5     10
47     1     3     1     11
48     1     3     2     12
49     1     3     3     13
50     1     3     4     14
51     1     3     1     15
52     1     3     2     16
53     1     3     3     17
54     1     3     4     18
55     2     4     1     1
56     2     4     2     2
57     2     4     3     3
58     2     4     4     4
59     2     4     5     5
60     2     4     1     6
61     2     4     2     7
62     2     4     3     8
63     2     4     4     9
64     2     4     5     10
65     2     4     1     11
66     2     4     2     12
67     2     4     3     13
68     2     4     4     14
69     2     4     1     15
70     2     4     2     16
71     2     4     3     17
72     2     4     4     18
73     3     5     1     1
74     3     5     2     2
75     3     5     3     3
76     3     5     4     4
77     3     5     5     5
78     3     5     1     6
79     3     5     2     7
80     3     5     3     8
81     3     5     4     9
82     3     5     5     10
83     3     5     1     11
84     3     5     2     12
85     3     5     3     13
86     3     5     4     14
87     3     5     1     15
88     3     5     2     16
89     3     5     3     17
90     3     5     4     18
#Testing code to ensure data was read in correctly, DO NOT CHANGE
#(testCode)
12345
