#SYRAH Annual input file, version number:
2.0
#DATA is for the east side in 1986
#(year)
1986
#CONSTANTS THAT DETERMINE ARRAY BOUNDS
#Number of districts
#(NDISTRICTS)
3
#Number of groups
#(NGROUPS)
90
#Number of stocks
#(NSTOCKS)
5
#Number of age groups recorded: 
#(NAGECOMPS)
18
#Age group labels (must be numeric!)
#(AgeCompLabels)
0.1 0.2 0.3 0.4 0.5 1.1 1.2 1.3 1.4 1.5 2.1 2.2 2.3 2.4 3.1 3.2 3.3 3.4
#Flag for genetic data by district: 1 = Data available, -1 = Data Unavailable 
#(GENdata)
-1 -1 -1
#Genetic fractions
#(GeneticFracData)
#1) District ID, 2) Sample Size, 3) Kvichank, 4) Alagnak, 5) Naknek, 6) Egegik, 7) Ugashik
1     -1     0     0     0     0     0
2     -1     0     0     0     0     0
3     -1     0     0     0     0     0
#Age composition for CATCH data
#(AgeCompCATCH)
1     10810     0     0     0.0007691504     0     0     0.0001607153     0.08873506     0.5374459     0.001401097     0     0     0.1827509     0.1886751     6.201583e-05     0     0     0     0
2     2883     0     0     0.0005820798     0     0     0     0.1495043     0.218024     0.002908754     0     0     0.486493     0.141219     0     0     0.0012688     0     0
3     4264     0     0     0.00126295     0     0     0.0001490467     0.07602371     0.4512889     0.0007561659     0     0     0.3422444     0.1275487     0.0005771451     0     0.0001490467     0     0
#Age composition for ESCAPEMENT data
#(AgeCompESC)
1     1488     0     0     0     0     0     0.0006874695     0.2455493     0.0862339     0.001582377     0     0.0004155195     0.4953448     0.1701866     0     0     0     0     0
2     0     0     0     0     0     0     0     0.6011158     0.250188     0     0     0     0.1026919     0.0460043     0     0     0     0     0
3     2622     0     0     0     0     0     0     0.0452095     0.5598215     0.003607528     0     0     0.1751522     0.2155977     0     0     0     0.0006116506     0
4     2897     0     0     0     0     0     0.001784966     0.2488928     0.05025248     0.0001415584     0     0.009030059     0.5175326     0.1715357     0.0005657093     0     0.0002640303     0     0
5     1327     0     0     0     0     0     0     0.04506523     0.3701501     0.004023459     0     0.0002378574     0.393305     0.1859153     0.001303045     0     0     0     0
#Catch Data by District
#(catchData)
2872179     4852935     5002949
#Escapement Data by Stock
#(escData)
1179322     586959     1977645     1152180     1015582
#PARAMETERS TO BE ESTIMATED
#Number of Selectivity Parameters
#(NSELECTPAR)
5
#Selectivity to estimate for AGE GROUPS NOT GROUPS age groups are 1.2, 1.3, 2.2, 2.3 ect...
#1) Age Group, 2) phase, 3) StartValue, 4) min, 5) max
#(TempSelectivity)
1     2     0.1620936     0.0     10
2     2     1.095474     0.0     10
3     2     1.16186     0.0     10
4     2     0.948642     0.0     10
5     2     2.13193     0.0     10
#Number of Availability Parameters
#(NAVAILPAR)
15
#Availability to estimate for stocks in districts (i.e. Alagnak in Egegik District)
#1) Availability group, 2) phase, 3) StartValue, 4) min, 5) max
#(TempAvailability)
1     -1     1.4851545     0     10
2     -1     0.191421792857143     0     10
3     -1     0.0404720613056471     0     10
4     -1     1.4904055     0     10
5     -1     0.130699197857143     0     10
6     -1     0.0433718788068764     0     10
7     -1     1.82306835714286     0     10
8     -1     0.237020228571429     0     10
9     -1     0.0261694169676093     0     10
10     -1     0.146338452142857     0     10
11     -1     4.02709571428571     0     10
12     -1     0.23133515     0     10
13     -1     0.0550396453127114     0     10
14     -1     0.413765242857143     0     10
15     -1     4.65865     0     10
#Total run size of each group (thousands): group number, estimation phase [neg=ignore], startValue, min, max
#(TempRunSize)
1     -1     0     0     18639751
2     -1     0     0     18639751
3     1     1.00000000206943     0     18639751
4     -1     0     0     18639751
5     -1     0     0     18639751
6     1     693.607     0     18639751
7     1     383652     0     18639751
8     1     139714     0     18639751
9     1     2256.89     0     18639751
10     -1     0     0     18639751
11     1     412.527     0     18639751
12     1     749990     0     18639751
13     1     273238     0     18639751
14     1     1.00000000206943     0     18639751
15     -1     0     0     18639751
16     1     1.00000000206943     0     18639751
17     -1     0     0     18639751
18     -1     0     0     18639751
19     -1     0     0     18639751
20     -1     0     0     18639751
21     1     6925.34     0     18639751
22     -1     0     0     18639751
23     -1     0     0     18639751
24     1     13357.5     0     18639751
25     1     11154.4     0     18639751
26     1     1064911     0     18639751
27     1     1.000000028972     0     18639751
28     -1     0     0     18639751
29     -1     0     0     18639751
30     1     1.0000000227637     0     18639751
31     1     1.000000129339     0     18639751
32     1     220.984     0     18639751
33     -1     0     0     18639751
34     1     1.00000000413886     0     18639751
35     -1     0     0     18639751
36     -1     0     0     18639751
37     -1     0     0     18639751
38     -1     0     0     18639751
39     1     1.00000000310414     0     18639751
40     -1     0     0     18639751
41     -1     0     0     18639751
42     1     1.00000000206943     0     18639751
43     1     211186     0     18639751
44     1     2757961     0     18639751
45     1     14554.3     0     18639751
46     -1     0     0     18639751
47     -1     0     0     18639751
48     1     736635     0     18639751
49     1     1028851     0     18639751
50     1     1.00000000206943     0     18639751
51     -1     0     0     18639751
52     1     1.00000000206943     0     18639751
53     1     1701.26     0     18639751
54     -1     0     0     18639751
55     -1     0     0     18639751
56     -1     0     0     18639751
57     1     565.841     0     18639751
58     -1     0     0     18639751
59     -1     0     0     18639751
60     1     1825.38     0     18639751
61     1     1096231     0     18639751
62     1     340507     0     18639751
63     1     3601.43     0     18639751
64     -1     0     0     18639751
65     1     8915.3     0     18639751
66     1     2581531     0     18639751
67     1     828627     0     18639751
68     1     1350.82     0     18639751
69     -1     0     0     18639751
70     1     4291.51     0     18639751
71     -1     0     0     18639751
72     -1     0     0     18639751
73     -1     0     0     18639751
74     -1     0     0     18639751
75     1     4896.83     0     18639751
76     -1     0     0     18639751
77     -1     0     0     18639751
78     1     1.00000000206943     0     18639751
79     1     340189     0     18639751
80     1     2957941     0     18639751
81     1     14796.7     0     18639751
82     -1     0     0     18639751
83     1     282.426     0     18639751
84     1     2334721     0     18639751
85     1     1072211     0     18639751
86     1     4894.41     0     18639751
87     -1     0     0     18639751
88     1     180.905     0     18639751
89     -1     0     0     18639751
90     -1     0     0     18639751
#GROUP CODES
#These relate the groups to the various parameters of interest that could vary or be fixed
#1) Group number, 2) DistrictID, 3) StreamID, 4) Selectivity pointer, 5) AgeComp group ID
#(groupCodes)
1     1     1     1     1
2     1     1     2     2
3     1     1     3     3
4     1     1     4     4
5     1     1     5     5
6     1     1     1     6
7     1     1     2     7
8     1     1     3     8
9     1     1     4     9
10     1     1     5     10
11     1     1     1     11
12     1     1     2     12
13     1     1     3     13
14     1     1     4     14
15     1     1     1     15
16     1     1     2     16
17     1     1     3     17
18     1     1     4     18
19     1     2     1     1
20     1     2     2     2
21     1     2     3     3
22     1     2     4     4
23     1     2     5     5
24     1     2     1     6
25     1     2     2     7
26     1     2     3     8
27     1     2     4     9
28     1     2     5     10
29     1     2     1     11
30     1     2     2     12
31     1     2     3     13
32     1     2     4     14
33     1     2     1     15
34     1     2     2     16
35     1     2     3     17
36     1     2     4     18
37     1     3     1     1
38     1     3     2     2
39     1     3     3     3
40     1     3     4     4
41     1     3     5     5
42     1     3     1     6
43     1     3     2     7
44     1     3     3     8
45     1     3     4     9
46     1     3     5     10
47     1     3     1     11
48     1     3     2     12
49     1     3     3     13
50     1     3     4     14
51     1     3     1     15
52     1     3     2     16
53     1     3     3     17
54     1     3     4     18
55     2     4     1     1
56     2     4     2     2
57     2     4     3     3
58     2     4     4     4
59     2     4     5     5
60     2     4     1     6
61     2     4     2     7
62     2     4     3     8
63     2     4     4     9
64     2     4     5     10
65     2     4     1     11
66     2     4     2     12
67     2     4     3     13
68     2     4     4     14
69     2     4     1     15
70     2     4     2     16
71     2     4     3     17
72     2     4     4     18
73     3     5     1     1
74     3     5     2     2
75     3     5     3     3
76     3     5     4     4
77     3     5     5     5
78     3     5     1     6
79     3     5     2     7
80     3     5     3     8
81     3     5     4     9
82     3     5     5     10
83     3     5     1     11
84     3     5     2     12
85     3     5     3     13
86     3     5     4     14
87     3     5     1     15
88     3     5     2     16
89     3     5     3     17
90     3     5     4     18
#Testing code to ensure data was read in correctly, DO NOT CHANGE
#(testCode)
12345
