#SYRAH Annual input file, version number:
2.0
#DATA is for the east side in 2008
#(year)
2008
#CONSTANTS THAT DETERMINE ARRAY BOUNDS
#Number of districts
#(NDISTRICTS)
3
#Number of groups
#(NGROUPS)
90
#Number of stocks
#(NSTOCKS)
5
#Number of age groups recorded: 
#(NAGECOMPS)
18
#Age group labels (must be numeric!)
#(AgeCompLabels)
0.1 0.2 0.3 0.4 0.5 1.1 1.2 1.3 1.4 1.5 2.1 2.2 2.3 2.4 3.1 3.2 3.3 3.4
#Flag for genetic data by district: 1 = Data available, -1 = Data Unavailable 
#(GENdata)
1 1 1
#Genetic fractions
#(GeneticFracData)
#1) District ID, 2) Sample Size, 3) Kvichank, 4) Alagnak, 5) Naknek, 6) Egegik, 7) Ugashik
1     932     0.225997     0.1757286     0.5278581     0.04756387     0.00492599
2     1088     0.08990163     0.03017782     0.09808977     0.7166033     0.04840561
3     1277     0.01948324     0.0161854     0.01807867     0.1522667     0.7812186
#Age composition for CATCH data
#(AgeCompCATCH)
1     6208     0     0     0     0     0     0     0.2377103     0.7194924     0.003079354     0     0     0.01701078     0.02270709     0     0     0     0     0
2     4443     0     0     0     0     0     1.721191e-05     0.284332     0.4536286     0.002164148     0     0.000335946     0.205263     0.05402571     0     0     0.000116676     0.000116676     0
3     4146     0     0     0.0003109489     0.0003229974     0     0.0001038009     0.4698976     0.4437722     0.005668469     0.000278446     0     0.06519707     0.01420066     0.0002153316     0     3.250288e-05     0     0
#Age composition for ESCAPEMENT data
#(AgeCompESC)
1     1251     0     0     0     0     0     0.001476015     0.8315231     0.1603499     0     0     0     0.005198137     0.001452849     0     0     0     0     0
2     1348     0     0     0     0     0     0     0.174562     0.8157668     0.0007649675     0     0     0.0007407407     0.008165477     0     0     0     0     0
3     1398     0     0     0     0     0     0.01385006     0.1265894     0.7925249     0.009400629     0.0007300645     0.001254217     0.03578149     0.0198693     0     0     0     0     0
4     1468     0     0     0     0     0     0.003140264     0.4314683     0.2483426     0     0     0.02870784     0.2330382     0.05530286     0     0     0     0     0
5     868     0     0     0     0     0     0.0009541751     0.4617557     0.5164945     0     0     0.0005832936     0.01040043     0.009811819     0     0     0     0     0
#Catch Data by District
#(catchData)
9663078     7403885     2334022
#Escapement Data by Stock
#(escData)
2757912     2180502     2472690     1259568     596332
#PARAMETERS TO BE ESTIMATED
#Number of Selectivity Parameters
#(NSELECTPAR)
5
#Selectivity to estimate for AGE GROUPS NOT GROUPS age groups are 1.2, 1.3, 2.2, 2.3 ect...
#1) Age Group, 2) phase, 3) StartValue, 4) min, 5) max
#(TempSelectivity)
1     1     0.103696525899     0.0     10
2     1     1.306425277     0.0     10
3     1     1.367647449     0.0     10
4     1     1.72497397     0.0     10
5     1     0.9917580682     0.0     10
#Number of Availability Parameters
#(NAVAILPAR)
15
#Availability to estimate for stocks in districts (i.e. Alagnak in Egegik District)
#1) Availability group, 2) phase, 3) StartValue, 4) min, 5) max
#(TempAvailability)
1     1     1.184003708     0.0     10
2     1     0.3666828597     0.0     10
3     1     0.118769879     0.0     10
4     1     1.388970784     0.0     10
5     1     0.2263381815     0.0     10
6     1     0.11709653872     0.0     10
7     1     2.433503707     0.0     10
8     1     0.3655210973     0.0     10
9     1     0.11168684301     0.0     10
10     1     0.3637295176     0.0     10
11     1     3.883218625     0.0     10
12     1     0.3844994961     0.0     10
13     1     0.12949290933     0.0     10
14     1     0.6526717581     0.0     10
15     1     4.764978785     0.0     10
#Total run size of each group (thousands): group number, estimation phase [neg=ignore], startValue, min, max
#(TempRunSize)
1     -1     0     0     28667989
2     -1     0     0     28667989
3     1     1.02176474465     0     28667989
4     1     2.232142085     0     28667989
5     -1     0     0     28667989
6     1     4815.699846     0     28667989
7     1     4661631.493     0     28667989
8     1     1002568.588     0     28667989
9     1     1.5865794326     0     28667989
10     1     1.03093313412     0     28667989
11     1     1.03052047794     0     28667989
12     1     27359.78748     0     28667989
13     1     8807.398549     0     28667989
14     1     1.2277236605     0     28667989
15     -1     0     0     28667989
16     1     1.02998563301     0     28667989
17     1     1.4149567686     0     28667989
18     -1     0     0     28667989
19     -1     0     0     28667989
20     -1     0     0     28667989
21     1     1.02775014269     0     28667989
22     1     1.1094803814     0     28667989
23     -1     0     0     28667989
24     1     1.2034593163     0     28667989
25     1     702912.5195     0     28667989
26     1     3552150.839     0     28667989
27     1     3439.598112     0     28667989
28     1     1.2465330959     0     28667989
29     1     1.1937569492     0     28667989
30     1     3076.549652     0     28667989
31     1     36726.83027     0     28667989
32     1     1.4642433467     0     28667989
33     -1     0     0     28667989
34     1     1.9847206604     0     28667989
35     1     1.3192875864     0     28667989
36     -1     0     0     28667989
37     -1     0     0     28667989
38     -1     0     0     28667989
39     1     2.460829482     0     28667989
40     1     1.8562193745     0     28667989
41     -1     0     0     28667989
42     1     37851.11465     0     28667989
43     1     927494.3941     0     28667989
44     1     7226021.673     0     28667989
45     1     88586.79483     0     28667989
46     1     3084.122984     0     28667989
47     1     3444.585118     0     28667989
48     1     230628.1592     0     28667989
49     1     191546.0202     0     28667989
50     1     1.04631551888     0     28667989
51     -1     0     0     28667989
52     1     1.05182124876     0     28667989
53     1     1.549088739     0     28667989
54     -1     0     0     28667989
55     -1     0     0     28667989
56     -1     0     0     28667989
57     1     2.823596919     0     28667989
58     1     36.50693949     0     28667989
59     -1     0     0     28667989
60     1     4211.087914     0     28667989
61     1     3107493.162     0     28667989
62     1     2574067.296     0     28667989
63     1     13.05190946     0     28667989
64     1     13.48117309     0     28667989
65     1     34686.1128     0     28667989
66     1     1967501.862     0     28667989
67     1     493169.2473     0     28667989
68     1     713.9335373     0     28667989
69     -1     0     0     28667989
70     1     20.96320456     0     28667989
71     1     455.8759223     0     28667989
72     -1     0     0     28667989
73     -1     0     0     28667989
74     -1     0     0     28667989
75     1     487.2455152     0     28667989
76     1     171.8272295     0     28667989
77     -1     0     0     28667989
78     1     474.6597536     0     28667989
79     1     1179679.294     0     28667989
80     1     1387266.613     0     28667989
81     1     8773.857505     0     28667989
82     1     349.189317     0     28667989
83     1     235.813553     0     28667989
84     1     26232.0961     0     28667989
85     1     22111.34411     0     28667989
86     1     753.3868319     0     28667989
87     -1     0     0     28667989
88     1     265.4350754     0     28667989
89     1     1.007539248554     0     28667989
90     -1     0     0     28667989
#GROUP CODES
#These relate the groups to the various parameters of interest that could vary or be fixed
#1) Group number, 2) DistrictID, 3) StreamID, 4) Selectivity pointer, 5) AgeComp group ID
#(groupCodes)
1     1     1     1     1
2     1     1     2     2
3     1     1     3     3
4     1     1     4     4
5     1     1     5     5
6     1     1     1     6
7     1     1     2     7
8     1     1     3     8
9     1     1     4     9
10     1     1     5     10
11     1     1     1     11
12     1     1     2     12
13     1     1     3     13
14     1     1     4     14
15     1     1     1     15
16     1     1     2     16
17     1     1     3     17
18     1     1     4     18
19     1     2     1     1
20     1     2     2     2
21     1     2     3     3
22     1     2     4     4
23     1     2     5     5
24     1     2     1     6
25     1     2     2     7
26     1     2     3     8
27     1     2     4     9
28     1     2     5     10
29     1     2     1     11
30     1     2     2     12
31     1     2     3     13
32     1     2     4     14
33     1     2     1     15
34     1     2     2     16
35     1     2     3     17
36     1     2     4     18
37     1     3     1     1
38     1     3     2     2
39     1     3     3     3
40     1     3     4     4
41     1     3     5     5
42     1     3     1     6
43     1     3     2     7
44     1     3     3     8
45     1     3     4     9
46     1     3     5     10
47     1     3     1     11
48     1     3     2     12
49     1     3     3     13
50     1     3     4     14
51     1     3     1     15
52     1     3     2     16
53     1     3     3     17
54     1     3     4     18
55     2     4     1     1
56     2     4     2     2
57     2     4     3     3
58     2     4     4     4
59     2     4     5     5
60     2     4     1     6
61     2     4     2     7
62     2     4     3     8
63     2     4     4     9
64     2     4     5     10
65     2     4     1     11
66     2     4     2     12
67     2     4     3     13
68     2     4     4     14
69     2     4     1     15
70     2     4     2     16
71     2     4     3     17
72     2     4     4     18
73     3     5     1     1
74     3     5     2     2
75     3     5     3     3
76     3     5     4     4
77     3     5     5     5
78     3     5     1     6
79     3     5     2     7
80     3     5     3     8
81     3     5     4     9
82     3     5     5     10
83     3     5     1     11
84     3     5     2     12
85     3     5     3     13
86     3     5     4     14
87     3     5     1     15
88     3     5     2     16
89     3     5     3     17
90     3     5     4     18
#Standard deviation for CATCH error distribution
#(temp_sigmaCat)
0.5
#Standard deviation for ESCAPEMENT error distribution
#(temp_sigmaEsc)
0.1
#Testing code to ensure data was read in correctly, DO NOT CHANGE
#(testCode)
12345
