#SYRAH Annual input file, version number:
2.0
#DATA is for the east side in 2018
#(year)
2018
#CONSTANTS THAT DETERMINE ARRAY BOUNDS
#Number of districts
#(NDISTRICTS)
3
#Number of groups
#(NGROUPS)
90
#Number of stocks
#(NSTOCKS)
5
#Number of age groups recorded: 
#(NAGECOMPS)
18
#Age group labels (must be numeric!)
#(AgeCompLabels)
0.1 0.2 0.3 0.4 0.5 1.1 1.2 1.3 1.4 1.5 2.1 2.2 2.3 2.4 3.1 3.2 3.3 3.4
#Flag for genetic data by district: 1 = Data available, -1 = Data Unavailable 
#(GENdata)
1 1 1
#Genetic fractions
#(GeneticFracData)
#1) District ID, 2) Sample Size, 3) Kvichank, 4) Alagnak, 5) Naknek, 6) Egegik, 7) Ugashik
1     379     0.3384279     0.1794971     0.3971637     0.06160825     0.000596
2     566     0.04857335     0.009956917     0.06628981     0.6747598     0.1729484
3     377     0.001234037     0.000161     0.02000657     0.02690545     0.756923
#Age composition for CATCH data
#(AgeCompCATCH)
1     1     0     0     0     0     0     0     0.4253214     0.5002587     0.002862441     0     0     0.01888709     0.05267036     0     0     0     0     0
2     1     0     0     0     0     0     0.001200768     0.2692427     0.4698222     0.001139606     0     0.0003727109     0.06623531     0.1900211     0     0     0     0.001965542     0
3     1     0     0     0     0     0     0     0.5931831     0.3699051     0.00151395     0.0001740856     0     0.01576395     0.01846805     0.0009916932     0     0     0     0
#Age composition for ESCAPEMENT data
#(AgeCompESC)
1     1     0     0     0     0     0     0.0008803761     0.6737639     0.3080563     0     0     0.00117637     0.003546566     0.01257649     0     0     0     0     0
2     1     0     0     0     0     0     0.001597314     0.6193755     0.3736221     0.002538507     0     0     0     0.002866568     0     0     0     0     0
3     1     0     0     0     0     0     0.01652142     0.5779451     0.3268881     0.0008610905     0     0.0008610905     0.03810886     0.03881431     0     0     0     0     0
4     1     0     0     0     0     0     0.1725418     0.4686724     0.1418355     0     0     0.04298837     0.07709872     0.09200472     0     0.0009603548     0.001299355     0.002598709     0
5     1     0     0     0     0     0     0.01196271     0.6375402     0.3262659     0     0     0     0.0106776     0.01355361     0     0     0     0     0
#Catch Data by District
#(catchData)
5864088     5151129     2772643
#Escapement Data by Stock
#(escData)
4398708     1581426     2221152     1608357     1167792
#PARAMETERS TO BE ESTIMATED
#Number of Selectivity Parameters
#(NSELECTPAR)
5
#Selectivity to estimate for AGE GROUPS NOT GROUPS age groups are 1.2, 1.3, 2.2, 2.3 ect...
#1) Age Group, 2) phase, 3) StartValue, 4) min, 5) max
#(TempSelectivity)
1     1     0.4644491429     0.0     10
2     1     0.9146042955     0.0     10
3     1     1.15860652     0.0     10
4     1     1.29715873     0.0     10
5     1     1.64904042     0.0     10
#Number of Availability Parameters
#(NAVAILPAR)
15
#Availability to estimate for stocks in districts (i.e. Alagnak in Egegik District)
#1) Availability group, 2) phase, 3) StartValue, 4) min, 5) max
#(TempAvailability)
1     1     1.0367722843     0.0     10
2     1     0.2021595516     0.0     10
3     1     0.107496906276     0.0     10
4     1     1.449576073     0.0     10
5     1     0.15498162356     0.0     10
6     1     0.1005979248124     0.0     10
7     1     2.65534514     0.0     10
8     1     0.3721091389     0.0     10
9     1     0.2266823579     0.0     10
10     1     0.2948229762     0.0     10
11     1     4.340479732     0.0     10
12     1     0.2520795039     0.0     10
13     1     0.101348630178     0.0     10
14     1     0.5443118954     0.0     10
15     1     4.823996552     0.0     10
#Total run size of each group (thousands): group number, estimation phase [neg=ignore], startValue, min, max
#(TempRunSize)
1     -1     0     0     24765295
2     -1     0     0     24765295
3     -1     0     0     24765295
4     -1     0     0     24765295
5     -1     0     0     24765295
6     2     4468.292357     0     24765295
7     2     4394882.6     0     24765295
8     2     2291168.478     0     24765295
9     2     44.79907987     0     24765295
10     2     1.06535770908     0     24765295
11     2     5970.700222     0     24765295
12     2     24797.86543     0     24765295
13     2     89218.841     0     24765295
14     2     4.906808049     0     24765295
15     -1     0     0     24765295
16     -1     0     0     24765295
17     2     1.002651839204     0     24765295
18     -1     0     0     24765295
19     -1     0     0     24765295
20     -1     0     0     24765295
21     -1     0     0     24765295
22     -1     0     0     24765295
23     -1     0     0     24765295
24     2     3003.258876     0     24765295
25     2     1588720.591     0     24765295
26     2     1064016.041     0     24765295
27     2     5331.693539     0     24765295
28     2     1.2322579477     0     24765295
29     2     1.01774975652     0     24765295
30     2     1.01062581009     0     24765295
31     2     7248.875448     0     24765295
32     2     5.718136392     0     24765295
33     -1     0     0     24765295
34     -1     0     0     24765295
35     2     1.02405309542     0     24765295
36     -1     0     0     24765295
37     -1     0     0     24765295
38     -1     0     0     24765295
39     -1     0     0     24765295
40     -1     0     0     24765295
41     -1     0     0     24765295
42     2     31171.45358     0     24765295
43     2     2124858.19     0     24765295
44     2     1622052.727     0     24765295
45     2     2540.221525     0     24765295
46     2     4.274580846     0     24765295
47     2     1629.684866     0     24765295
48     2     141488.4381     0     24765295
49     2     165717.8451     0     24765295
50     2     1327.130828     0     24765295
51     -1     0     0     24765295
52     -1     0     0     24765295
53     2     1.003093808968     0     24765295
54     -1     0     0     24765295
55     -1     0     0     24765295
56     -1     0     0     24765295
57     -1     0     0     24765295
58     -1     0     0     24765295
59     -1     0     0     24765295
60     2     98559.2743     0     24765295
61     2     1601359.875     0     24765295
62     2     1842540.567     0     24765295
63     2     3876.188923     0     24765295
64     2     1.06170907437     0     24765295
65     2     25430.72408     0     24765295
66     2     302269.9956     0     24765295
67     2     810691.0104     0     24765295
68     2     173.975897     0     24765295
69     2     566.6840506     0     24765295
70     2     3680.280607     0     24765295
71     2     15164.15648     0     24765295
72     -1     0     0     24765295
73     -1     0     0     24765295
74     -1     0     0     24765295
75     -1     0     0     24765295
76     -1     0     0     24765295
77     -1     0     0     24765295
78     2     14693.45258     0     24765295
79     2     2671730.564     0     24765295
80     2     1720181.087     0     24765295
81     2     12882.72095     0     24765295
82     2     2225.027967     0     24765295
83     2     1.009103394025     0     24765295
84     2     54960.14829     0     24765295
85     2     62701.05773     0     24765295
86     2     20707.60172     0     24765295
87     -1     0     0     24765295
88     -1     0     0     24765295
89     2     1.005494875894     0     24765295
90     -1     0     0     24765295
#GROUP CODES
#These relate the groups to the various parameters of interest that could vary or be fixed
#1) Group number, 2) DistrictID, 3) StreamID, 4) Selectivity pointer, 5) AgeComp group ID
#(groupCodes)
1     1     1     1     1
2     1     1     2     2
3     1     1     3     3
4     1     1     4     4
5     1     1     5     5
6     1     1     1     6
7     1     1     2     7
8     1     1     3     8
9     1     1     4     9
10     1     1     5     10
11     1     1     1     11
12     1     1     2     12
13     1     1     3     13
14     1     1     4     14
15     1     1     1     15
16     1     1     2     16
17     1     1     3     17
18     1     1     4     18
19     1     2     1     1
20     1     2     2     2
21     1     2     3     3
22     1     2     4     4
23     1     2     5     5
24     1     2     1     6
25     1     2     2     7
26     1     2     3     8
27     1     2     4     9
28     1     2     5     10
29     1     2     1     11
30     1     2     2     12
31     1     2     3     13
32     1     2     4     14
33     1     2     1     15
34     1     2     2     16
35     1     2     3     17
36     1     2     4     18
37     1     3     1     1
38     1     3     2     2
39     1     3     3     3
40     1     3     4     4
41     1     3     5     5
42     1     3     1     6
43     1     3     2     7
44     1     3     3     8
45     1     3     4     9
46     1     3     5     10
47     1     3     1     11
48     1     3     2     12
49     1     3     3     13
50     1     3     4     14
51     1     3     1     15
52     1     3     2     16
53     1     3     3     17
54     1     3     4     18
55     2     4     1     1
56     2     4     2     2
57     2     4     3     3
58     2     4     4     4
59     2     4     5     5
60     2     4     1     6
61     2     4     2     7
62     2     4     3     8
63     2     4     4     9
64     2     4     5     10
65     2     4     1     11
66     2     4     2     12
67     2     4     3     13
68     2     4     4     14
69     2     4     1     15
70     2     4     2     16
71     2     4     3     17
72     2     4     4     18
73     3     5     1     1
74     3     5     2     2
75     3     5     3     3
76     3     5     4     4
77     3     5     5     5
78     3     5     1     6
79     3     5     2     7
80     3     5     3     8
81     3     5     4     9
82     3     5     5     10
83     3     5     1     11
84     3     5     2     12
85     3     5     3     13
86     3     5     4     14
87     3     5     1     15
88     3     5     2     16
89     3     5     3     17
90     3     5     4     18
#Standard deviation for CATCH error distribution
#(temp_sigmaCat)
0.5
#Standard deviation for ESCAPEMENT error distribution
#(temp_sigmaEsc)
0.1
#Testing code to ensure data was read in correctly, DO NOT CHANGE
#(testCode)
12345
