#SYRAH Annual input file, version number:
2.0
#DATA is for the east side in 1981
#(year)
1981
#CONSTANTS THAT DETERMINE ARRAY BOUNDS
#Number of districts
#(NDISTRICTS)
3
#Number of groups
#(NGROUPS)
90
#Number of stocks
#(NSTOCKS)
5
#Number of age groups recorded: 
#(NAGECOMPS)
18
#Age group labels (must be numeric!)
#(AgeCompLabels)
0.1 0.2 0.3 0.4 0.5 1.1 1.2 1.3 1.4 1.5 2.1 2.2 2.3 2.4 3.1 3.2 3.3 3.4
#Flag for genetic data by district: 1 = Data available, -1 = Data Unavailable 
#(GENdata)
-1 -1 -1
#Genetic fractions
#(GeneticFracData)
#1) District ID, 2) Sample Size, 3) Kvichank, 4) Alagnak, 5) Naknek, 6) Egegik, 7) Ugashik
1     -1     0     0     0     0     0
2     -1     0     0     0     0     0
3     -1     0     0     0     0     0
#Age composition for CATCH data
#(AgeCompCATCH)
1     2580     0     0     0.0007665697     0     0     0     0.1752128     0.3213691     0     0     0     0.3618237     0.1400613     0     0     0     0.0007665697     0
2     2461     0     0     0     0     0     0     0.1439217     0.1407387     0     0     0     0.5666774     0.1459706     0     0     0.002312708     0.0003788774     0
3     1048     0     0     0.005555051     0     0     0     0.1527162     0.3887324     0     0     0     0.3905606     0.06146456     0     0     0.0009712671     0     0
#Age composition for ESCAPEMENT data
#(AgeCompESC)
1     1549     0     0     0.000856314     0     0     0.0005922878     0.2861421     0.1160868     0     0     0.001123839     0.5293717     0.06514476     0     0     0.0006822446     0     0
2     0     0     0     0     0     0     0     0.6011158     0.250188     0     0     0     0.1026919     0.0460043     0     0     0     0     0
3     1433     0     0     0.0005621318     0     0     0.0002030213     0.07487454     0.5551186     0     0     0     0.179863     0.1887112     0     0     0.0006675704     0     0
4     1837     0     0     0     0     0     0     0.1869808     0.1415896     0     0     0.002481151     0.5153215     0.1518483     0     0     0.0009797397     0.0007988722     0
5     1746     0     0     0     0     0     0     0.1575828     0.4461166     0     0     0     0.2767362     0.1195644     0     0     0     0     0
#Catch Data by District
#(catchData)
10992809     4361406     2116066
#Escapement Data by Stock
#(escData)
1754358     209635.5     1796220     694680     1327699
#PARAMETERS TO BE ESTIMATED
#Number of Selectivity Parameters
#(NSELECTPAR)
5
#Selectivity to estimate for AGE GROUPS NOT GROUPS age groups are 1.2, 1.3, 2.2, 2.3 ect...
#1) Age Group, 2) phase, 3) StartValue, 4) min, 5) max
#(TempSelectivity)
1     2     0.100000862409     0.0     10
2     2     0.957569     0.0     10
3     2     0.843246     0.0     10
4     2     1.040343     0.0     10
5     2     2.55884     0.0     10
#Number of Availability Parameters
#(NAVAILPAR)
15
#Availability to estimate for stocks in districts (i.e. Alagnak in Egegik District)
#1) Availability group, 2) phase, 3) StartValue, 4) min, 5) max
#(TempAvailability)
1     -1     1.4851545     0     10
2     -1     0.191421792857143     0     10
3     -1     0.0404720613056471     0     10
4     -1     1.4904055     0     10
5     -1     0.130699197857143     0     10
6     -1     0.0433718788068764     0     10
7     -1     1.82306835714286     0     10
8     -1     0.237020228571429     0     10
9     -1     0.0261694169676093     0     10
10     -1     0.146338452142857     0     10
11     -1     4.02709571428571     0     10
12     -1     0.23133515     0     10
13     -1     0.0550396453127114     0     10
14     -1     0.413765242857143     0     10
15     -1     4.65865     0     10
#Total run size of each group (thousands): group number, estimation phase [neg=ignore], startValue, min, max
#(TempRunSize)
1     -1     0     0     23252873.5
2     -1     0     0     23252873.5
3     1     4409.41     0     23252873.5
4     -1     0     0     23252873.5
5     -1     0     0     23252873.5
6     1     991.21     0     23252873.5
7     1     1830711     0     23252873.5
8     1     607547     0     23252873.5
9     -1     0     0     23252873.5
10     -1     0     0     23252873.5
11     1     1879.88     0     23252873.5
12     1     3434001     0     23252873.5
13     1     343377     0     23252873.5
14     -1     0     0     23252873.5
15     -1     0     0     23252873.5
16     1     3300.81     0     23252873.5
17     1     1.00000000258159     0     23252873.5
18     -1     0     0     23252873.5
19     -1     0     0     23252873.5
20     -1     0     0     23252873.5
21     1     3233.83     0     23252873.5
22     -1     0     0     23252873.5
23     -1     0     0     23252873.5
24     -1     0     0     23252873.5
25     1     1.000000427253     0     23252873.5
26     1     171265     0     23252873.5
27     -1     0     0     23252873.5
28     -1     0     0     23252873.5
29     -1     0     0     23252873.5
30     1     1.000148431     0     23252873.5
31     1     446797     0     23252873.5
32     -1     0     0     23252873.5
33     -1     0     0     23252873.5
34     1     1.00000000516318     0     23252873.5
35     1     12147.8     0     23252873.5
36     -1     0     0     23252873.5
37     -1     0     0     23252873.5
38     -1     0     0     23252873.5
39     1     3977.51     0     23252873.5
40     -1     0     0     23252873.5
41     -1     0     0     23252873.5
42     1     355.821     0     23252873.5
43     1     732374     0     23252873.5
44     1     4110801     0     23252873.5
45     -1     0     0     23252873.5
46     -1     0     0     23252873.5
47     -1     0     0     23252873.5
48     1     1804291     0     23252873.5
49     1     1423201     0     23252873.5
50     -1     0     0     23252873.5
51     -1     0     0     23252873.5
52     1     4213.07     0     23252873.5
53     1     1.00000000258159     0     23252873.5
54     -1     0     0     23252873.5
55     -1     0     0     23252873.5
56     -1     0     0     23252873.5
57     1     1.00000000258159     0     23252873.5
58     -1     0     0     23252873.5
59     -1     0     0     23252873.5
60     -1     0     0     23252873.5
61     1     801251     0     23252873.5
62     1     454439     0     23252873.5
63     -1     0     0     23252873.5
64     -1     0     0     23252873.5
65     1     1981.17     0     23252873.5
66     1     2698781     0     23252873.5
67     1     579310     0     23252873.5
68     -1     0     0     23252873.5
69     -1     0     0     23252873.5
70     1     8684.34     0     23252873.5
71     1     2433.91     0     23252873.5
72     -1     0     0     23252873.5
73     -1     0     0     23252873.5
74     -1     0     0     23252873.5
75     1     9946.08     0     23252873.5
76     -1     0     0     23252873.5
77     -1     0     0     23252873.5
78     -1     0     0     23252873.5
79     1     579558     0     23252873.5
80     1     1536021     0     23252873.5
81     -1     0     0     23252873.5
82     -1     0     0     23252873.5
83     -1     0     0     23252873.5
84     1     1214581     0     23252873.5
85     1     327623     0     23252873.5
86     -1     0     0     23252873.5
87     -1     0     0     23252873.5
88     1     1313.96     0     23252873.5
89     1     1.00000000258159     0     23252873.5
90     -1     0     0     23252873.5
#GROUP CODES
#These relate the groups to the various parameters of interest that could vary or be fixed
#1) Group number, 2) DistrictID, 3) StreamID, 4) Selectivity pointer, 5) AgeComp group ID
#(groupCodes)
1     1     1     1     1
2     1     1     2     2
3     1     1     3     3
4     1     1     4     4
5     1     1     5     5
6     1     1     1     6
7     1     1     2     7
8     1     1     3     8
9     1     1     4     9
10     1     1     5     10
11     1     1     1     11
12     1     1     2     12
13     1     1     3     13
14     1     1     4     14
15     1     1     1     15
16     1     1     2     16
17     1     1     3     17
18     1     1     4     18
19     1     2     1     1
20     1     2     2     2
21     1     2     3     3
22     1     2     4     4
23     1     2     5     5
24     1     2     1     6
25     1     2     2     7
26     1     2     3     8
27     1     2     4     9
28     1     2     5     10
29     1     2     1     11
30     1     2     2     12
31     1     2     3     13
32     1     2     4     14
33     1     2     1     15
34     1     2     2     16
35     1     2     3     17
36     1     2     4     18
37     1     3     1     1
38     1     3     2     2
39     1     3     3     3
40     1     3     4     4
41     1     3     5     5
42     1     3     1     6
43     1     3     2     7
44     1     3     3     8
45     1     3     4     9
46     1     3     5     10
47     1     3     1     11
48     1     3     2     12
49     1     3     3     13
50     1     3     4     14
51     1     3     1     15
52     1     3     2     16
53     1     3     3     17
54     1     3     4     18
55     2     4     1     1
56     2     4     2     2
57     2     4     3     3
58     2     4     4     4
59     2     4     5     5
60     2     4     1     6
61     2     4     2     7
62     2     4     3     8
63     2     4     4     9
64     2     4     5     10
65     2     4     1     11
66     2     4     2     12
67     2     4     3     13
68     2     4     4     14
69     2     4     1     15
70     2     4     2     16
71     2     4     3     17
72     2     4     4     18
73     3     5     1     1
74     3     5     2     2
75     3     5     3     3
76     3     5     4     4
77     3     5     5     5
78     3     5     1     6
79     3     5     2     7
80     3     5     3     8
81     3     5     4     9
82     3     5     5     10
83     3     5     1     11
84     3     5     2     12
85     3     5     3     13
86     3     5     4     14
87     3     5     1     15
88     3     5     2     16
89     3     5     3     17
90     3     5     4     18
#Testing code to ensure data was read in correctly, DO NOT CHANGE
#(testCode)
12345
