#SYRAH Annual input file, version number:
2.0
#DATA is for the east side in 2000
#(year)
2000
#CONSTANTS THAT DETERMINE ARRAY BOUNDS
#Number of districts
#(NDISTRICTS)
3
#Number of groups
#(NGROUPS)
90
#Number of stocks
#(NSTOCKS)
5
#Number of age groups recorded: 
#(NAGECOMPS)
18
#Age group labels (must be numeric!)
#(AgeCompLabels)
0.1 0.2 0.3 0.4 0.5 1.1 1.2 1.3 1.4 1.5 2.1 2.2 2.3 2.4 3.1 3.2 3.3 3.4
#Flag for genetic data by district: 1 = Data available, -1 = Data Unavailable 
#(GENdata)
-1 -1 -1
#Genetic fractions
#(GeneticFracData)
#1) District ID, 2) Sample Size, 3) Kvichank, 4) Alagnak, 5) Naknek, 6) Egegik, 7) Ugashik
1     -1     0     0     0     0     0
2     -1     0     0     0     0     0
3     -1     0     0     0     0     0
#Age composition for CATCH data
#(AgeCompCATCH)
1     5464     0     0     0     0     0     0     0.08544893     0.710505     0.00139838     0     0     0.08526015     0.116347     0     0     0.001040459     0     0
2     5653     0     0     0     0     0     0     0.05944881     0.381735     3.371598e-05     0     0     0.2004061     0.3563197     0     0     0.001909272     0.0001473974     0
3     2422     0     0     0     0     0     0     0.06690004     0.6845115     0.003492545     0     0     0.08517682     0.1588464     0     0     0.0005363627     0.0005363627     0
#Age composition for ESCAPEMENT data
#(AgeCompESC)
1     1272     0     0     0     0     0     0     0.1618872     0.5707415     0     0     0     0.2010554     0.06631595     0     0     0     0     0
2     0     0     0     0     0     0     0.0002586018     0.4627819     0.4065598     0.006544372     0     0     0.02762097     0.09623435     0     0     0     0     0
3     1428     0     0     0     0     0     0     0.09540438     0.8013292     0     0     0     0.02588846     0.077378     0     0     0     0     0
4     1413     0     0     0     0     0     0     0.06396589     0.303803     0     0     0.003228417     0.257088     0.3661151     0     0     0.005167792     0.0006317943     0
5     1541     0     0     0     0     0     0     0.1552764     0.7165168     0.002104912     0     0     0.06365795     0.06244394     0     0     0     0     0
#Catch Data by District
#(catchData)
3520868     7029397     1538790
#Escapement Data by Stock
#(escData)
1827780     1150815     1375488     1032138     638420
#PARAMETERS TO BE ESTIMATED
#Number of Selectivity Parameters
#(NSELECTPAR)
5
#Selectivity to estimate for AGE GROUPS NOT GROUPS age groups are 1.2, 1.3, 2.2, 2.3 ect...
#1) Age Group, 2) phase, 3) StartValue, 4) min, 5) max
#(TempSelectivity)
1     2     0.10000119317     0.0     10
2     2     1.11106     0.0     10
3     2     1.25295     0.0     10
4     2     1.50682     0.0     10
5     2     1.52916     0.0     10
#Number of Availability Parameters
#(NAVAILPAR)
15
#Availability to estimate for stocks in districts (i.e. Alagnak in Egegik District)
#1) Availability group, 2) phase, 3) StartValue, 4) min, 5) max
#(TempAvailability)
1     -1     1.4851545     0     10
2     -1     0.191421792857143     0     10
3     -1     0.0404720613056471     0     10
4     -1     1.4904055     0     10
5     -1     0.130699197857143     0     10
6     -1     0.0433718788068764     0     10
7     -1     1.82306835714286     0     10
8     -1     0.237020228571429     0     10
9     -1     0.0261694169676093     0     10
10     -1     0.146338452142857     0     10
11     -1     4.02709571428571     0     10
12     -1     0.23133515     0     10
13     -1     0.0550396453127114     0     10
14     -1     0.413765242857143     0     10
15     -1     4.65865     0     10
#Total run size of each group (thousands): group number, estimation phase [neg=ignore], startValue, min, max
#(TempRunSize)
1     -1     0     0     18113696
2     -1     0     0     18113696
3     -1     0     0     18113696
4     -1     0     0     18113696
5     -1     0     0     18113696
6     -1     0     0     18113696
7     1     498291     0     18113696
8     1     1901881     0     18113696
9     1     1.00000000201102     0     18113696
10     -1     0     0     18113696
11     -1     0     0     18113696
12     1     618582     0     18113696
13     1     220926     0     18113696
14     -1     0     0     18113696
15     -1     0     0     18113696
16     1     1.00000000201102     0     18113696
17     1     1.00000000201102     0     18113696
18     -1     0     0     18113696
19     -1     0     0     18113696
20     -1     0     0     18113696
21     -1     0     0     18113696
22     -1     0     0     18113696
23     -1     0     0     18113696
24     1     1.0000220328     0     18113696
25     1     43413.9     0     18113696
26     1     1723021     0     18113696
27     1     10380.1     0     18113696
28     -1     0     0     18113696
29     -1     0     0     18113696
30     1     1677.3     0     18113696
31     1     228678     0     18113696
32     -1     0     0     18113696
33     -1     0     0     18113696
34     1     7555.41     0     18113696
35     1     1.00000000502756     0     18113696
36     -1     0     0     18113696
37     -1     0     0     18113696
38     -1     0     0     18113696
39     -1     0     0     18113696
40     -1     0     0     18113696
41     -1     0     0     18113696
42     -1     0     0     18113696
43     1     249694     0     18113696
44     1     2319411     0     18113696
45     1     1.00000000201102     0     18113696
46     -1     0     0     18113696
47     -1     0     0     18113696
48     1     67601.6     0     18113696
49     1     223765     0     18113696
50     -1     0     0     18113696
51     -1     0     0     18113696
52     1     1.00000000201102     0     18113696
53     1     1.00000000201102     0     18113696
54     -1     0     0     18113696
55     -1     0     0     18113696
56     -1     0     0     18113696
57     -1     0     0     18113696
58     -1     0     0     18113696
59     -1     0     0     18113696
60     -1     0     0     18113696
61     1     407124     0     18113696
62     1     2661611     0     18113696
63     1     1.00000000402205     0     18113696
64     -1     0     0     18113696
65     1     3723.68     0     18113696
66     1     1693751     0     18113696
67     1     3217921     0     18113696
68     -1     0     0     18113696
69     -1     0     0     18113696
70     1     26088.1     0     18113696
71     1     3860.12     0     18113696
72     -1     0     0     18113696
73     -1     0     0     18113696
74     -1     0     0     18113696
75     -1     0     0     18113696
76     -1     0     0     18113696
77     -1     0     0     18113696
78     -1     0     0     18113696
79     1     227134     0     18113696
80     1     1533981     0     18113696
81     1     7649.78     0     18113696
82     -1     0     0     18113696
83     -1     0     0     18113696
84     1     110325     0     18113696
85     1     143162     0     18113696
86     -1     0     0     18113696
87     -1     0     0     18113696
88     1     1.00000000201102     0     18113696
89     1     339.316     0     18113696
90     -1     0     0     18113696
#GROUP CODES
#These relate the groups to the various parameters of interest that could vary or be fixed
#1) Group number, 2) DistrictID, 3) StreamID, 4) Selectivity pointer, 5) AgeComp group ID
#(groupCodes)
1     1     1     1     1
2     1     1     2     2
3     1     1     3     3
4     1     1     4     4
5     1     1     5     5
6     1     1     1     6
7     1     1     2     7
8     1     1     3     8
9     1     1     4     9
10     1     1     5     10
11     1     1     1     11
12     1     1     2     12
13     1     1     3     13
14     1     1     4     14
15     1     1     1     15
16     1     1     2     16
17     1     1     3     17
18     1     1     4     18
19     1     2     1     1
20     1     2     2     2
21     1     2     3     3
22     1     2     4     4
23     1     2     5     5
24     1     2     1     6
25     1     2     2     7
26     1     2     3     8
27     1     2     4     9
28     1     2     5     10
29     1     2     1     11
30     1     2     2     12
31     1     2     3     13
32     1     2     4     14
33     1     2     1     15
34     1     2     2     16
35     1     2     3     17
36     1     2     4     18
37     1     3     1     1
38     1     3     2     2
39     1     3     3     3
40     1     3     4     4
41     1     3     5     5
42     1     3     1     6
43     1     3     2     7
44     1     3     3     8
45     1     3     4     9
46     1     3     5     10
47     1     3     1     11
48     1     3     2     12
49     1     3     3     13
50     1     3     4     14
51     1     3     1     15
52     1     3     2     16
53     1     3     3     17
54     1     3     4     18
55     2     4     1     1
56     2     4     2     2
57     2     4     3     3
58     2     4     4     4
59     2     4     5     5
60     2     4     1     6
61     2     4     2     7
62     2     4     3     8
63     2     4     4     9
64     2     4     5     10
65     2     4     1     11
66     2     4     2     12
67     2     4     3     13
68     2     4     4     14
69     2     4     1     15
70     2     4     2     16
71     2     4     3     17
72     2     4     4     18
73     3     5     1     1
74     3     5     2     2
75     3     5     3     3
76     3     5     4     4
77     3     5     5     5
78     3     5     1     6
79     3     5     2     7
80     3     5     3     8
81     3     5     4     9
82     3     5     5     10
83     3     5     1     11
84     3     5     2     12
85     3     5     3     13
86     3     5     4     14
87     3     5     1     15
88     3     5     2     16
89     3     5     3     17
90     3     5     4     18
#Testing code to ensure data was read in correctly, DO NOT CHANGE
#(testCode)
12345
