#SYRAH Annual input file, version number:
2.0
#DATA is for the east side in 2016
#(year)
2016
#CONSTANTS THAT DETERMINE ARRAY BOUNDS
#Number of districts
#(NDISTRICTS)
3
#Number of groups
#(NGROUPS)
90
#Number of stocks
#(NSTOCKS)
5
#Number of age groups recorded: 
#(NAGECOMPS)
18
#Age group labels (must be numeric!)
#(AgeCompLabels)
0.1 0.2 0.3 0.4 0.5 1.1 1.2 1.3 1.4 1.5 2.1 2.2 2.3 2.4 3.1 3.2 3.3 3.4
#Flag for genetic data by district: 1 = Data available, -1 = Data Unavailable 
#(GENdata)
1 1 1
#Genetic fractions
#(GeneticFracData)
#1) District ID, 2) Sample Size, 3) Kvichank, 4) Alagnak, 5) Naknek, 6) Egegik, 7) Ugashik
1     754     0.58789907     0.18700313     0.20003177     0.016396353     0.005136754
2     568     0.082373785     0.041062284     0.054901316     0.74279351     0.071102369
3     565     0.096932281     0.023586378     0.02085763     0.13206661     0.67962816
#Age composition for CATCH data
#(AgeCompCATCH)
1     1     0     0     0     0     0     0     0.46957387     0.27263587     0.00023887336     0     0.000071824358     0.16511778     0.091637717     0.000094429113     0     0.0006296342     0     0
2     1     0     0     0     0     0     0.00015173698     0.23138025     0.15634753     0     0     0.0035860692     0.38279439     0.21927263     0     0     0.0064673938     0     0
3     1     0     0     0     0     0     0.000055466274     0.32761528     0.30187915     0.00011093255     0     0.000055466274     0.25146045     0.11710869     0     0     0.0014884555     0.00022611661     0
#Age composition for ESCAPEMENT data
#(AgeCompESC)
1     1     0     0     0     0     0     0.00039723495     0.68775648     0.094513387     0     0     0.0007714025     0.18140655     0.035154951     0     0     0     0     0
2     1     0     0     0     0     0     0.0013395115     0.27485756     0.45542922     0.0048668051     0     0     0.12620506     0.13730185     0     0     0     0     0
3     1     0     0     0     0     0     0.034202966     0.53975816     0.18083339     0.00057755528     0     0.0031733085     0.18693442     0.053942641     0.00057755528     0     0     0     0
4     1     0     0     0     0     0     0.083622523     0.24260458     0.045127569     0     0     0.17883382     0.37673503     0.069418351     0     0.00063407436     0.0030240526     0     0
5     1     0     0     0     0     0     0.016881641     0.63905384     0.15108911     0     0     0.0028839133     0.1778289     0.012262607     0     0     0     0     0
#Catch Data by District
#(catchData)
12403630     8740030     6631116
#Escapement Data by Stock
#(escData)
4462728     1775820     1691910     1837260     1635270
#PARAMETERS TO BE ESTIMATED
#Number of Selectivity Parameters
#(NSELECTPAR)
5
#Selectivity to estimate for AGE GROUPS NOT GROUPS age groups are 1.2, 1.3, 2.2, 2.3 ect...
#1) Age Group, 2) phase, 3) StartValue, 4) min, 5) max
#(TempSelectivity)
1     1     0.100005212157815     0.0     10
2     1     0.1001313709756     0.0     10
3     1     0.1001833564459     0.0     10
4     1     0.1000729243638     0.0     10
5     1     5.099607137     0.0     10
#Number of Availability Parameters
#(NAVAILPAR)
15
#Availability to estimate for stocks in districts (i.e. Alagnak in Egegik District)
#1) Availability group, 2) phase, 3) StartValue, 4) min, 5) max
#(TempAvailability)
1     1     2.002968134     0.0     10
2     1     0.2875297037     0.0     10
3     1     0.282457493     0.0     10
4     1     1.479727976     0.0     10
5     1     0.3289387423     0.0     10
6     1     0.2148869468     0.0     10
7     1     1.748908758     0.0     10
8     1     0.4371155305     0.0     10
9     1     0.2049663991     0.0     10
10     1     0.14497482094     0.0     10
11     1     4.016098145     0.0     10
12     1     0.4921898342     0.0     10
13     1     0.12342031299     0.0     10
14     1     0.4303178799     0.0     10
15     1     4.305499328     0.0     10
#Total run size of each group (thousands): group number, estimation phase [neg=ignore], startValue, min, max
#(TempRunSize)
1     -1     0     0     39177764
2     -1     0     0     39177764
3     -1     0     0     39177764
4     -1     0     0     39177764
5     -1     0     0     39177764
6     2     1794.305166     0     39177764
7     2     8030530.984     0     39177764
8     2     1956291.364     0     39177764
9     2     1.00000000434961     0     39177764
10     -1     0     0     39177764
11     2     3549.084463     0     39177764
12     2     2331659.61     0     39177764
13     2     752849.8832     0     39177764
14     2     1.00000000434961     0     39177764
15     -1     0     0     39177764
16     2     3383.55865     0     39177764
17     2     1.00000000434961     0     39177764
18     -1     0     0     39177764
19     -1     0     0     39177764
20     -1     0     0     39177764
21     -1     0     0     39177764
22     -1     0     0     39177764
23     -1     0     0     39177764
24     2     2440.311786     0     39177764
25     2     1003363.405     0     39177764
26     2     2391787.375     0     39177764
27     2     12568.35932     0     39177764
28     -1     0     0     39177764
29     2     1.00000000434961     0     39177764
30     2     471425.5253     0     39177764
31     2     725431.7941     0     39177764
32     2     1.00000000434961     0     39177764
33     -1     0     0     39177764
34     2     1.00000000434961     0     39177764
35     2     1.00000000434961     0     39177764
36     -1     0     0     39177764
37     -1     0     0     39177764
38     -1     0     0     39177764
39     -1     0     0     39177764
40     -1     0     0     39177764
41     -1     0     0     39177764
42     2     59613.84531     0     39177764
43     2     2261457.912     0     39177764
44     2     1267766.772     0     39177764
45     2     1537.704461     0     39177764
46     -1     0     0     39177764
47     2     5569.531053     0     39177764
48     2     807180.3353     0     39177764
49     2     381476.8181     0     39177764
50     2     1670.806749     0     39177764
51     -1     0     0     39177764
52     2     1.00000000434961     0     39177764
53     2     1.00000000434961     0     39177764
54     -1     0     0     39177764
55     -1     0     0     39177764
56     -1     0     0     39177764
57     -1     0     0     39177764
58     -1     0     0     39177764
59     -1     0     0     39177764
60     2     205768.5477     0     39177764
61     2     2122029.885     0     39177764
62     2     1022298.61     0     39177764
63     2     1.00000000434961     0     39177764
64     -1     0     0     39177764
65     2     448162.8158     0     39177764
66     2     4165145.715     0     39177764
67     2     2244381.075     0     39177764
68     2     1.00000000434961     0     39177764
69     2     1558.061321     0     39177764
70     2     57631.80915     0     39177764
71     2     1.00000000434961     0     39177764
72     -1     0     0     39177764
73     -1     0     0     39177764
74     -1     0     0     39177764
75     -1     0     0     39177764
76     -1     0     0     39177764
77     -1     0     0     39177764
78     2     22680.42563     0     39177764
79     2     3063535.705     0     39177764
80     2     2088434.469     0     39177764
81     2     1.00000000434961     0     39177764
82     -1     0     0     39177764
83     2     3878.451592     0     39177764
84     2     1126939.569     0     39177764
85     2     303330.471     0     39177764
86     2     1.00000000434961     0     39177764
87     -1     0     0     39177764
88     2     1.00000000434961     0     39177764
89     2     1124.010347     0     39177764
90     -1     0     0     39177764
#GROUP CODES
#These relate the groups to the various parameters of interest that could vary or be fixed
#1) Group number, 2) DistrictID, 3) StreamID, 4) Selectivity pointer, 5) AgeComp group ID
#(groupCodes)
1     1     1     1     1
2     1     1     2     2
3     1     1     3     3
4     1     1     4     4
5     1     1     5     5
6     1     1     1     6
7     1     1     2     7
8     1     1     3     8
9     1     1     4     9
10     1     1     5     10
11     1     1     1     11
12     1     1     2     12
13     1     1     3     13
14     1     1     4     14
15     1     1     1     15
16     1     1     2     16
17     1     1     3     17
18     1     1     4     18
19     1     2     1     1
20     1     2     2     2
21     1     2     3     3
22     1     2     4     4
23     1     2     5     5
24     1     2     1     6
25     1     2     2     7
26     1     2     3     8
27     1     2     4     9
28     1     2     5     10
29     1     2     1     11
30     1     2     2     12
31     1     2     3     13
32     1     2     4     14
33     1     2     1     15
34     1     2     2     16
35     1     2     3     17
36     1     2     4     18
37     1     3     1     1
38     1     3     2     2
39     1     3     3     3
40     1     3     4     4
41     1     3     5     5
42     1     3     1     6
43     1     3     2     7
44     1     3     3     8
45     1     3     4     9
46     1     3     5     10
47     1     3     1     11
48     1     3     2     12
49     1     3     3     13
50     1     3     4     14
51     1     3     1     15
52     1     3     2     16
53     1     3     3     17
54     1     3     4     18
55     2     4     1     1
56     2     4     2     2
57     2     4     3     3
58     2     4     4     4
59     2     4     5     5
60     2     4     1     6
61     2     4     2     7
62     2     4     3     8
63     2     4     4     9
64     2     4     5     10
65     2     4     1     11
66     2     4     2     12
67     2     4     3     13
68     2     4     4     14
69     2     4     1     15
70     2     4     2     16
71     2     4     3     17
72     2     4     4     18
73     3     5     1     1
74     3     5     2     2
75     3     5     3     3
76     3     5     4     4
77     3     5     5     5
78     3     5     1     6
79     3     5     2     7
80     3     5     3     8
81     3     5     4     9
82     3     5     5     10
83     3     5     1     11
84     3     5     2     12
85     3     5     3     13
86     3     5     4     14
87     3     5     1     15
88     3     5     2     16
89     3     5     3     17
90     3     5     4     18
#Standard deviation for CATCH error distribution
#(temp_sigmaCat)
0.5
#Standard deviation for ESCAPEMENT error distribution
#(temp_sigmaEsc)
0.1
#Testing code to ensure data was read in correctly, DO NOT CHANGE
#(testCode)
12345
