#SYRAH Annual input file, version number:
2.0
#DATA is for the east side in 2021
#(year)
2021
#CONSTANTS THAT DETERMINE ARRAY BOUNDS
#Number of districts
#(NDISTRICTS)
3
#Number of groups
#(NGROUPS)
90
#Number of stocks
#(NSTOCKS)
5
#Number of age groups recorded: 
#(NAGECOMPS)
18
#Age group labels (must be numeric!)
#(AgeCompLabels)
0.1 0.2 0.3 0.4 0.5 1.1 1.2 1.3 1.4 1.5 2.1 2.2 2.3 2.4 3.1 3.2 3.3 3.4
#Flag for genetic data by district: 1 = Data available, -1 = Data Unavailable 
#(GENdata)
1 1 1
#Genetic fractions
#(GeneticFracData)
#1) District ID, 2) Sample Size, 3) Kvichank, 4) Alagnak, 5) Naknek, 6) Egegik, 7) Ugashik
1     554     0.3566501     0.2400089     0.3247538     0.0587505     0.001699601
2     557     0.06468082     0.02270279     0.06237502     0.508267     0.3117205
3     366     0.004753524     0.01112573     0.001495481     0.091764     0.8749382
#Age composition for CATCH data
#(AgeCompCATCH)
1     1     0     0     0     0     0     0.0005806705     0.4463549     0.3954729     0.007614601     0     0     0.06521059     0.08413748     0.0006288334     0     0     0     0
2     1     0     0     0     0     0     0.001602622     0.5166311     0.1851566     0.001487815     0     0.002335657     0.2167235     0.0760627     0     0     0     0     0
3     1     0     0     0     0     0     0     0.5530287     0.2807136     0.0004996277     0     0     0.1316288     0.03310355     0.001025764     0     0     0     0
#Age composition for ESCAPEMENT data
#(AgeCompESC)
1     1     0     0     0     0     0     0.002465175     0.7604347     0.1509114     0     0     0.001683845     0.06604947     0.01845533     0     0     0     0     0
2     1     0     0     0     0     0     0     0.4227577     0.4002967     0.002158853     0     0.0004065613     0.064638     0.1097422     0     0     0     0     0
3     1     0     0     0     0     0     0.008972535     0.6816166     0.1938335     0.004020334     0     0.002412272     0.06238151     0.04515518     0.001608062     0     0     0     0
4     1     0     0     0     0     0     0.146612     0.4337855     0.01225851     0     0     0.1826753     0.2092325     0.01543612     0     0     0     0     0
5     1     0     0     0     0     0     0.00673513     0.7601613     0.1539226     0     0     0.001078348     0.06571664     0.01238597     0     0     0     0     0
#Catch Data by District
#(catchData)
6997084     8553483     5205876
#Escapement Data by Stock
#(escData)
4703520     3236904     2796534     1832196     2859930
#PARAMETERS TO BE ESTIMATED
#Number of Selectivity Parameters
#(NSELECTPAR)
5
#Selectivity to estimate for AGE GROUPS NOT GROUPS age groups are 1.2, 1.3, 2.2, 2.3 ect...
#1) Age Group, 2) phase, 3) StartValue, 4) min, 5) max
#(TempSelectivity)
1     2     0.11949979076     0.0     10
2     2     0.9886938546     0.0     10
3     2     1.354896637     0.0     10
4     2     1.476671179     0.0     10
5     2     1.586754119     0.0     10
#Number of Availability Parameters
#(NAVAILPAR)
15
#Availability to estimate for stocks in districts (i.e. Alagnak in Egegik District)
#1) Availability group, 2) phase, 3) StartValue, 4) min, 5) max
#(TempAvailability)
1     1     1.506603232     0.0     10
2     1     0.3490874128     0.0     10
3     1     0.12585098732     0.0     10
4     1     1.566695344     0.0     10
5     1     0.2028039047     0.0     10
6     1     0.19258910582     0.0     10
7     1     1.989214039     0.0     10
8     1     0.4320537005     0.0     10
9     1     0.11254170802     0.0     10
10     1     0.329665609     0.0     10
11     1     3.555049851     0.0     10
12     1     0.6912943332     0.0     10
13     1     0.104155872599     0.0     10
14     1     0.9448572409     0.0     10
15     1     4.365437387     0.0     10
#Total run size of each group (thousands): group number, estimation phase [neg=ignore], startValue, min, max
#(TempRunSize)
1     -1     0     0     36185527
2     -1     0     0     36185527
3     -1     0     0     36185527
4     -1     0     0     36185527
5     -1     0     0     36185527
6     3     13049.60879     0     36185527
7     3     5564267.029     0     36185527
8     3     1589600.158     0     36185527
9     3     1.5227508411     0     36185527
10     -1     0     0     36185527
11     3     8893.157014     0     36185527
12     3     481374.7449     0     36185527
13     3     189183.9938     0     36185527
14     3     25.78971244     0     36185527
15     -1     0     0     36185527
16     -1     0     0     36185527
17     -1     0     0     36185527
18     -1     0     0     36185527
19     -1     0     0     36185527
20     -1     0     0     36185527
21     -1     0     0     36185527
22     -1     0     0     36185527
23     -1     0     0     36185527
24     3     1.0009152803438     0     36185527
25     3     2007018.775     0     36185527
26     3     2463962.268     0     36185527
27     3     22017.47616     0     36185527
28     -1     0     0     36185527
29     3     1401.440409     0     36185527
30     3     314225.861     0     36185527
31     3     675808.6503     0     36185527
32     3     3.229465508     0     36185527
33     -1     0     0     36185527
34     -1     0     0     36185527
35     -1     0     0     36185527
36     -1     0     0     36185527
37     -1     0     0     36185527
38     -1     0     0     36185527
39     -1     0     0     36185527
40     -1     0     0     36185527
41     -1     0     0     36185527
42     3     26988.8238     0     36185527
43     3     3506572.244     0     36185527
44     3     1549072.34     0     36185527
45     3     56840.55995     0     36185527
46     -1     0     0     36185527
47     3     7106.99693     0     36185527
48     3     311260.0182     0     36185527
49     3     346256.5244     0     36185527
50     3     7116.872507     0     36185527
51     -1     0     0     36185527
52     -1     0     0     36185527
53     -1     0     0     36185527
54     -1     0     0     36185527
55     -1     0     0     36185527
56     -1     0     0     36185527
57     -1     0     0     36185527
58     -1     0     0     36185527
59     -1     0     0     36185527
60     3     288825.8669     0     36185527
61     3     3513421.478     0     36185527
62     3     399469.9837     0     36185527
63     3     8541.663877     0     36185527
64     -1     0     0     36185527
65     3     359110.9457     0     36185527
66     3     2102264.103     0     36185527
67     3     608587.3168     0     36185527
68     3     2.638254956     0     36185527
69     -1     0     0     36185527
70     -1     0     0     36185527
71     -1     0     0     36185527
72     -1     0     0     36185527
73     -1     0     0     36185527
74     -1     0     0     36185527
75     -1     0     0     36185527
76     -1     0     0     36185527
77     -1     0     0     36185527
78     3     19290.60732     0     36185527
79     3     6419782.281     0     36185527
80     3     2725775.446     0     36185527
81     3     1716.500377     0     36185527
82     -1     0     0     36185527
83     3     3533.512416     0     36185527
84     3     799142.4443     0     36185527
85     3     213964.1593     0     36185527
86     3     6495.251868     0     36185527
87     -1     0     0     36185527
88     -1     0     0     36185527
89     -1     0     0     36185527
90     -1     0     0     36185527
#GROUP CODES
#These relate the groups to the various parameters of interest that could vary or be fixed
#1) Group number, 2) DistrictID, 3) StreamID, 4) Selectivity pointer, 5) AgeComp group ID
#(groupCodes)
1     1     1     1     1
2     1     1     2     2
3     1     1     3     3
4     1     1     4     4
5     1     1     5     5
6     1     1     1     6
7     1     1     2     7
8     1     1     3     8
9     1     1     4     9
10     1     1     5     10
11     1     1     1     11
12     1     1     2     12
13     1     1     3     13
14     1     1     4     14
15     1     1     1     15
16     1     1     2     16
17     1     1     3     17
18     1     1     4     18
19     1     2     1     1
20     1     2     2     2
21     1     2     3     3
22     1     2     4     4
23     1     2     5     5
24     1     2     1     6
25     1     2     2     7
26     1     2     3     8
27     1     2     4     9
28     1     2     5     10
29     1     2     1     11
30     1     2     2     12
31     1     2     3     13
32     1     2     4     14
33     1     2     1     15
34     1     2     2     16
35     1     2     3     17
36     1     2     4     18
37     1     3     1     1
38     1     3     2     2
39     1     3     3     3
40     1     3     4     4
41     1     3     5     5
42     1     3     1     6
43     1     3     2     7
44     1     3     3     8
45     1     3     4     9
46     1     3     5     10
47     1     3     1     11
48     1     3     2     12
49     1     3     3     13
50     1     3     4     14
51     1     3     1     15
52     1     3     2     16
53     1     3     3     17
54     1     3     4     18
55     2     4     1     1
56     2     4     2     2
57     2     4     3     3
58     2     4     4     4
59     2     4     5     5
60     2     4     1     6
61     2     4     2     7
62     2     4     3     8
63     2     4     4     9
64     2     4     5     10
65     2     4     1     11
66     2     4     2     12
67     2     4     3     13
68     2     4     4     14
69     2     4     1     15
70     2     4     2     16
71     2     4     3     17
72     2     4     4     18
73     3     5     1     1
74     3     5     2     2
75     3     5     3     3
76     3     5     4     4
77     3     5     5     5
78     3     5     1     6
79     3     5     2     7
80     3     5     3     8
81     3     5     4     9
82     3     5     5     10
83     3     5     1     11
84     3     5     2     12
85     3     5     3     13
86     3     5     4     14
87     3     5     1     15
88     3     5     2     16
89     3     5     3     17
90     3     5     4     18
#Standard deviation for CATCH error distribution
#(temp_sigmaCat)
0.5
#Standard deviation for ESCAPEMENT error distribution
#(temp_sigmaEsc)
0.1
#Testing code to ensure data was read in correctly, DO NOT CHANGE
#(testCode)
12345
