$ndistricts
1
$ngroups
54
$nstocks
3
$nagecomps
18
$AgeCompLabels
 0.1 0.2 0.3 0.4 0.5 1.1 1.2 1.3 1.4 1.5 2.1 2.2 2.3 2.4 3.1 3.2 3.3 3.4
$navailpar
3
$nselectpar
5
$GENdata
 1
$maxGradient
9.465150737e-07
#LIKELIHOOD_VALUES_AND_PENALTIES
$totalNLL
-7.184690051
$NLLcatch
-0.6931471806
$NLLescape
-6.907753796
$NLLagecompCatch
0.2736521675
$NLLagecompEsc
0.1376465871
$NLLgenetics
0.004912170578
$NLLselOne
3.371484599e-16
$NLLavailOne
7.2350691e-17
$NLLextra
0
$sigmaCat
0.5
$sigmaEsc
0.1
#OBSERVED_AND_PREDICTED_VALUES
$predEsc
 878968.8688 4410596.297 4696645.948
$obsEsc
 878952 4410156 4697299
$predCatch
 17149164.83
$obsCatch
 17149165
$RunSize
 1e-06 1e-06 1e-06 1e-06 1e-06 6.231400454e-05 737185.1573 656133.9838 4494.617725 1e-06 1e-06 8442.936011 41835.13692 1e-06 1e-06 1e-06 1e-06 1e-06 1e-06 1e-06 1e-06 1e-06 1e-06 8103.22238 10123111.46 849563.3606 0.0004293869471 1e-06 3351.116053 394082.8795 68908.89838 1e-06 1e-06 1e-06 1e-06 1e-06 1e-06 1e-06 1e-06 1e-06 1e-06 4501.352708 8099825.597 5888964.681 36837.27264 1e-06 1e-06 169100.256 32019.30937 8914.705116 1e-06 1e-06 1e-06 1e-06
$SSageCompEsc
 1 1 1
$obsAgeCompEsc
0 0 0 0 0 0 0.4772672 0.4840151 0.003174235 0 0 0.005391648 0.03015182 0 0 0 0 0 
0 0 0 0 0 0.001610374 0.8714921 0.09161354 0 0 0.0006943065 0.02890827 0.005681432 0 0 0 0 0 
0 0 0 0 0 0.0008091884 0.5004318 0.4855901 0.002475678 0 0 0.007991188 0.001693314 0.001008665 0 0 0 0 
$predAgeCompEsc
1.05902874e-12 6.468812444e-13 7.37098743e-13 7.108523336e-13 7.193178985e-13 6.599232168e-11 0.4768712519 0.4836355347 0.003195009498 7.193178985e-13 1.05902874e-12 0.005461576953 0.03083662684 7.108523336e-13 1.05902874e-12 6.468812444e-13 7.37098743e-13 7.108523336e-13 
2.003348316e-13 8.550793342e-14 1.07136326e-13 1.006330974e-13 1.027119198e-13 0.001623357691 0.865606341 0.09101909715 4.321053848e-11 1.027119198e-13 0.0006713452701 0.03369721262 0.007382646201 1.006330974e-13 2.003348316e-13 8.550793342e-14 1.07136326e-13 1.006330974e-13 
1.819211471e-13 6.16325606e-14 8.209403986e-14 7.581179042e-14 7.780833804e-14 0.0008188912481 0.4992129919 0.4834489012 0.002792699593 7.780833804e-14 1.819211471e-13 0.01042208178 0.002628594459 0.0006758397559 1.819211471e-13 6.16325606e-14 8.209403986e-14 7.581179042e-14 
$SSageCompCatch
 1
$obsAgeCompCatch
0 0 0 0 0 0.0001160989 0.7151149 0.2466101 0.001812625 0 0 0.02888082 0.007465378 0 0 0 0 0 
$predAgeCompCatch
1.930889495e-14 1.029090484e-13 8.711861154e-14 9.185694106e-14 9.034159664e-14 9.321488402e-05 0.7218136018 0.2505967301 0.001481544771 9.034159664e-14 2.274647744e-05 0.02153177077 0.004125650481 0.0003347407948 1.930889495e-14 1.029090484e-13 8.711861154e-14 9.185694106e-14 
$genSS
 718
$obsGenComp     #GeneticFracData
0.0328030962 0.4076571012 0.5595398026 
$predGenComp     #catchGenComp_pred
0.03318662854 0.4103129635 0.556500408 
#PARAMETERS_OF_INTEREST
$catchByGroup
6.914670677e-08 
4.314115244e-07 
3.521131516e-07 
3.751829284e-07 
3.677419604e-07 
4.308808199e-06 
318030.1725 
231033.4049 
1686.30384 
3.677419604e-07 
6.914670677e-08 
3642.379895 
14730.70191 
3.751829284e-07 
6.914670677e-08 
4.314115244e-07 
3.521131516e-07 
3.751829284e-07 
1.164039337e-07 
6.228590255e-07 
5.274649173e-07 
5.561480331e-07 
5.469791871e-07 
943.2469605 
6305271.341 
448114.8677 
0.0002388027061 
5.469791871e-07 
390.0830908 
245458.0783 
36347.02638 
5.561480331e-07 
1.164039337e-07 
6.228590255e-07 
5.274649173e-07 
5.561480331e-07 
1.455807817e-07 
7.10533684e-07 
6.144333603e-07 
6.439388617e-07 
6.345617844e-07 
655.310446 
5755198.921 
3618376.358 
23720.95141 
6.345617844e-07 
1.455807817e-07 
120151.4279 
19673.73185 
5740.525065 
1.455807817e-07 
7.10533684e-07 
6.144333603e-07 
6.439388617e-07 
$escByGroup
 9.308532932e-07 5.685884756e-07 6.478868484e-07 6.248170716e-07 6.322580396e-07 5.800519634e-05 419154.9849 425100.5789 2808.313885 6.322580396e-07 9.308532932e-07 4800.556116 27104.43501 6.248170716e-07 9.308532932e-07 5.685884756e-07 6.478868484e-07 6.248170716e-07 8.835960663e-07 3.771409745e-07 4.725350827e-07 4.438519669e-07 4.530208129e-07 7159.97542 3817840.123 401448.4929 0.000190584241 4.530208129e-07 2961.032962 148624.8012 32561.872 4.438519669e-07 8.835960663e-07 3.771409745e-07 4.725350827e-07 4.438519669e-07 8.544192183e-07 2.89466316e-07 3.855666397e-07 3.560611383e-07 3.654382156e-07 3846.042262 2344626.676 2270588.323 13116.32123 3.654382156e-07 8.544192183e-07 48948.82815 12345.57752 3174.180051 8.544192183e-07 2.89466316e-07 3.855666397e-07 3.560611383e-07
$catchByGroup
6.914670677e-08 4.314115244e-07 3.521131516e-07 3.751829284e-07 3.677419604e-07 4.308808199e-06 318030.1725 231033.4049 1686.30384 3.677419604e-07 6.914670677e-08 3642.379895 14730.70191 3.751829284e-07 6.914670677e-08 4.314115244e-07 3.521131516e-07 3.751829284e-07 1.164039337e-07 6.228590255e-07 5.274649173e-07 5.561480331e-07 5.469791871e-07 943.2469605 6305271.341 448114.8677 0.0002388027061 5.469791871e-07 390.0830908 245458.0783 36347.02638 5.561480331e-07 1.164039337e-07 6.228590255e-07 5.274649173e-07 5.561480331e-07 1.455807817e-07 7.10533684e-07 6.144333603e-07 6.439388617e-07 6.345617844e-07 655.310446 5755198.921 3618376.358 23720.95141 6.345617844e-07 1.455807817e-07 120151.4279 19673.73185 5740.525065 1.455807817e-07 7.10533684e-07 6.144333603e-07 6.439388617e-07 
$Fmort
 0.6560708745
#ESTIMATED_PARAMETERS
$availability
0.6093991574 1.052513163 1.33808768 
$availabilityVector
 0.6093991574 1.052513163 1.33808768
$selectivity
 0.179219545 1.412170047 1.085616315 1.176302466 1.14669163
$RunSize
 1e-06 1e-06 1e-06 1e-06 1e-06 6.231400454e-05 737185.1573 656133.9838 4494.617725 1e-06 1e-06 8442.936011 41835.13692 1e-06 1e-06 1e-06 1e-06 1e-06 1e-06 1e-06 1e-06 1e-06 1e-06 8103.22238 10123111.46 849563.3606 0.0004293869471 1e-06 3351.116053 394082.8795 68908.89838 1e-06 1e-06 1e-06 1e-06 1e-06 1e-06 1e-06 1e-06 1e-06 1e-06 4501.352708 8099825.597 5888964.681 36837.27264 1e-06 1e-06 169100.256 32019.30937 8914.705116 1e-06 1e-06 1e-06 1e-06
